 input file is 
mstm.inp                      
 number of processors:
   1
 input parameters for run number 
    1
 number of spheres, volume size parameter:
    1  0.12000E+01
 position file:
                                                            
 output file:
test2.dat                                                   
 length, ref. indx. scale factors:
   1.000   1.000   1.000
 chiral factors:
  0.00000E+00  0.00000E+00
 scattering matrix directions based on incident frame
 automatic scattering angle calculation
 thetamin, thetamax:
      0.0     90.0
 phimin, phimax:
      0.0      0.0
 number scattering angles:
      901
 epsmie, epssoln, max number iterations:
  0.1000E-03  0.1000E-09 2000
 medium refractive index:
  1.0000  0.0000
 target euler rotation angles:
    0.0000    0.0000    0.0000
 far field kr, iterations/correction:
  0.1000E+09   20
 gaussian incident beam: 1/width:
   1.0000
 beam focal point:
    0.000    0.000    0.000
 fixed orientation calculations
 incident azimuth and polar angles:
     0.000     0.000
 common expansion epsilon:
  0.1000E-05
 scattering coefficients calculated 
 near field calculated, stored in file 
nf_default.dat                                              
 near field data output option: 
   0
 near field plane, position: 
   2    0.000
 near field plane vertices: 
    0.000   -4.000    8.000    4.000
 spacial step size:
   0.0100
 polarization angle, deg.:
     0.00
 plane wave epsilon:
  0.00000E+00
 calculation results for run 
    1
 sphere host   ka     x-x(host) y-y(host) z-z(host)  Re(m)     Im(m)      Qext         Qsca        Qabs         Qabs(V)
    1    0    1.2000    0.0000    0.0000    1.4000  4.400000  0.000000  0.94326E-02  0.94326E-02  0.00000E+00  0.00000E+00
 unpolarized total ext, abs, scat efficiencies, w.r.t. xv, and asym. parm
  0.13583E-01  0.00000E+00  0.13583E-01 -0.12367E+00
 parallel total ext, abs, scat efficiencies
  0.13583E-01  0.00000E+00  0.13583E-01
 perpendicular total ext, abs, scat efficiencies
  0.13583E-01  0.00000E+00  0.13583E-01
 scattering matrix elements (normalized w/ S11)
   theta     phi      11           12           13           14           21           22           23           24           31           32           33           34           41           42           43           44     
    0.00    0.00  0.94071E+00  0.00000E+00  0.00000E+00  0.28870E-16  0.00000E+00  0.10000E+01 -0.11315E-16 -0.00000E+00  0.00000E+00  0.11315E-16  0.10000E+01  0.00000E+00  0.28870E-16 -0.00000E+00  0.00000E+00  0.10000E+01
    0.10    0.00  0.94071E+00 -0.38711E-05 -0.19262E-16 -0.37015E-17 -0.38711E-05  0.10000E+01 -0.46857E-16  0.28731E-16 -0.19262E-16  0.46857E-16  0.10000E+01  0.19790E-05 -0.37014E-17 -0.28731E-16 -0.19790E-05  0.10000E+01
    0.20    0.00  0.94070E+00 -0.15485E-04  0.23468E-17  0.41169E-18 -0.15485E-04  0.10000E+01 -0.25478E-16  0.17020E-16  0.23472E-17  0.25478E-16  0.10000E+01  0.79162E-05  0.41197E-18 -0.17020E-16 -0.79162E-05  0.10000E+01
    0.30    0.00  0.94069E+00 -0.34840E-04  0.16858E-16  0.12195E-16 -0.34840E-04  0.10000E+01 -0.14576E-16  0.12011E-16  0.16858E-16  0.14577E-16  0.10000E+01  0.17811E-04  0.12196E-16 -0.12012E-16 -0.17811E-04  0.10000E+01
    0.40    0.00  0.94067E+00 -0.61939E-04 -0.46096E-17 -0.14809E-16 -0.61939E-04  0.10000E+01  0.11137E-17  0.16688E-16 -0.46092E-17 -0.11145E-17  0.10000E+01  0.31665E-04 -0.14808E-16 -0.16687E-16 -0.31665E-04  0.10000E+01
    0.50    0.00  0.94065E+00 -0.96779E-04  0.50100E-17 -0.14010E-17 -0.96779E-04  0.10000E+01 -0.32061E-17  0.32733E-16  0.50104E-17  0.32050E-17  0.10000E+01  0.49477E-04 -0.13975E-17 -0.32733E-16 -0.49477E-04  0.10000E+01
    0.60    0.00  0.94062E+00 -0.13936E-03 -0.16970E-16 -0.66033E-17 -0.13936E-03  0.10000E+01 -0.51682E-16  0.22807E-16 -0.16963E-16  0.51678E-16  0.10000E+01  0.71248E-04 -0.66013E-17 -0.22810E-16 -0.71248E-04  0.10000E+01
    0.70    0.00  0.94058E+00 -0.18969E-03 -0.14814E-16  0.11053E-16 -0.18969E-03  0.10000E+01 -0.11476E-16 -0.13555E-16 -0.14813E-16  0.11474E-16  0.10000E+01  0.96978E-04  0.11049E-16  0.13552E-16 -0.96978E-04  0.10000E+01
    0.80    0.00  0.94055E+00 -0.24776E-03 -0.25885E-16  0.96485E-18 -0.24776E-03  0.10000E+01 -0.38457E-16  0.28288E-16 -0.25876E-16  0.38447E-16  0.10000E+01  0.12667E-03  0.96858E-18 -0.28293E-16 -0.12667E-03  0.10000E+01
    0.90    0.00  0.94050E+00 -0.31358E-03 -0.15172E-16  0.19587E-16 -0.31358E-03  0.10000E+01  0.36799E-17  0.25084E-16 -0.15176E-16 -0.36886E-17  0.10000E+01  0.16032E-03  0.19592E-16 -0.25090E-16 -0.16032E-03  0.10000E+01
    1.00    0.00  0.94045E+00 -0.38714E-03  0.12498E-16 -0.12992E-16 -0.38714E-03  0.10000E+01 -0.21153E-16  0.25406E-16  0.12509E-16  0.21153E-16  0.10000E+01  0.19792E-03 -0.12980E-16 -0.25405E-16 -0.19792E-03  0.10000E+01
    1.10    0.00  0.94040E+00 -0.46844E-03  0.40254E-16 -0.12905E-16 -0.46844E-03  0.10000E+01  0.13716E-16 -0.53940E-17  0.40250E-16 -0.13696E-16  0.10000E+01  0.23949E-03 -0.12898E-16  0.54033E-17 -0.23949E-03  0.10000E+01
    1.20    0.00  0.94033E+00 -0.55749E-03 -0.13556E-16 -0.22616E-16 -0.55749E-03  0.10000E+01 -0.41825E-16  0.43022E-16 -0.13526E-16  0.41805E-16  0.10000E+01  0.28502E-03 -0.22596E-16 -0.43021E-16 -0.28502E-03  0.10000E+01
    1.30    0.00  0.94027E+00 -0.65429E-03  0.14013E-17 -0.33083E-17 -0.65429E-03  0.10000E+01 -0.15649E-16 -0.17668E-17  0.14126E-17  0.15651E-16  0.10000E+01  0.33451E-03 -0.33089E-17  0.17637E-17 -0.33451E-03  0.10000E+01
    1.40    0.00  0.94020E+00 -0.75883E-03  0.16085E-16 -0.98829E-17 -0.75883E-03  0.10000E+01 -0.18265E-16 -0.12144E-16  0.16102E-16  0.18282E-16  0.10000E+01  0.38797E-03 -0.98858E-17  0.12144E-16 -0.38797E-03  0.10000E+01
    1.50    0.00  0.94012E+00 -0.87112E-03 -0.13656E-16 -0.13321E-18 -0.87112E-03  0.10000E+01 -0.36354E-16  0.24388E-16 -0.13625E-16  0.36332E-16  0.10000E+01  0.44538E-03 -0.11804E-18 -0.24404E-16 -0.44538E-03  0.10000E+01
    1.60    0.00  0.94004E+00 -0.99116E-03  0.57299E-17  0.16972E-16 -0.99116E-03  0.10000E+01 -0.59625E-17  0.11606E-16  0.57272E-17  0.59623E-17  0.10000E+01  0.50676E-03  0.16986E-16 -0.11625E-16 -0.50676E-03  0.10000E+01
    1.70    0.00  0.93995E+00 -0.11189E-02  0.10510E-16 -0.16661E-16 -0.11189E-02  0.10000E+01  0.16458E-17  0.12410E-16  0.10518E-16 -0.16411E-17  0.10000E+01  0.57211E-03 -0.16641E-16 -0.12391E-16 -0.57211E-03  0.10000E+01
    1.80    0.00  0.93986E+00 -0.12545E-02 -0.15084E-16 -0.27504E-16 -0.12545E-02  0.10000E+01 -0.26997E-16  0.21848E-16 -0.15032E-16  0.26964E-16  0.10000E+01  0.64142E-03 -0.27487E-16 -0.21830E-16 -0.64142E-03  0.10000E+01
    1.90    0.00  0.93977E+00 -0.13978E-02 -0.49024E-17 -0.91578E-17 -0.13978E-02  0.10000E+01 -0.18916E-16  0.76798E-17 -0.48694E-17  0.18904E-16  0.10000E+01  0.71469E-03 -0.91505E-17 -0.76805E-17 -0.71469E-03  0.10000E+01
    2.00    0.00  0.93966E+00 -0.15488E-02  0.36274E-16  0.39547E-16 -0.15488E-02  0.10000E+01  0.10583E-16 -0.17917E-16  0.36226E-16 -0.10513E-16  0.10000E+01  0.79193E-03  0.39548E-16  0.17864E-16 -0.79193E-03  0.10000E+01
    2.10    0.00  0.93956E+00 -0.17076E-02  0.87159E-17  0.19951E-17 -0.17076E-02  0.10000E+01 -0.30974E-16  0.12842E-16  0.87671E-17  0.30978E-16  0.10000E+01  0.87314E-03  0.20247E-17 -0.12873E-16 -0.87314E-03  0.10000E+01
    2.20    0.00  0.93944E+00 -0.18742E-02  0.58833E-18 -0.25020E-16 -0.18742E-02  0.10000E+01 -0.10774E-16 -0.14732E-16  0.63252E-18  0.10790E-16  0.10000E+01  0.95832E-03 -0.25047E-16  0.14769E-16 -0.95832E-03  0.10000E+01
    2.30    0.00  0.93933E+00 -0.20485E-02 -0.33327E-16 -0.48763E-16 -0.20485E-02  0.10000E+01  0.11647E-16  0.10005E-15 -0.33300E-16 -0.11820E-16  0.10000E+01  0.10475E-02 -0.48593E-16 -0.99937E-16 -0.10475E-02  0.10000E+01
    2.40    0.00  0.93920E+00 -0.22305E-02 -0.27264E-16 -0.20596E-16 -0.22305E-02  0.10000E+01 -0.38733E-16  0.15051E-16 -0.27154E-16  0.38655E-16  0.10000E+01  0.11406E-02 -0.20593E-16 -0.15049E-16 -0.11406E-02  0.10000E+01
    2.50    0.00  0.93907E+00 -0.24203E-02 -0.28600E-16 -0.50031E-16 -0.24203E-02  0.10000E+01 -0.26883E-16  0.15705E-16 -0.28473E-16  0.26795E-16  0.10000E+01  0.12377E-02 -0.50029E-16 -0.15617E-16 -0.12377E-02  0.10000E+01
    2.60    0.00  0.93894E+00 -0.26179E-02  0.32343E-16  0.10667E-16 -0.26179E-02  0.10000E+01  0.21273E-16 -0.15919E-16  0.32273E-16 -0.21167E-16  0.10000E+01  0.13387E-02  0.10669E-16  0.15920E-16 -0.13387E-02  0.10000E+01
    2.70    0.00  0.93880E+00 -0.28233E-02  0.14917E-16  0.64025E-17 -0.28233E-02  0.10000E+01  0.41935E-16  0.12492E-16  0.14789E-16 -0.41911E-16  0.99999E+00  0.14438E-02  0.64591E-17 -0.12449E-16 -0.14438E-02  0.99999E+00
    2.80    0.00  0.93866E+00 -0.30364E-02  0.70071E-16 -0.15124E-16 -0.30364E-02  0.10000E+01  0.38237E-17 -0.17451E-16  0.70083E-16 -0.35838E-17  0.99999E+00  0.15528E-02 -0.15069E-16  0.17503E-16 -0.15528E-02  0.99999E+00
    2.90    0.00  0.93851E+00 -0.32572E-02 -0.22828E-16 -0.73172E-17 -0.32572E-02  0.10000E+01 -0.21622E-16  0.11284E-16 -0.22745E-16  0.21529E-16  0.99999E+00  0.16658E-02 -0.73183E-17 -0.11296E-16 -0.16658E-02  0.99999E+00
    3.00    0.00  0.93835E+00 -0.34859E-02  0.31113E-16  0.34356E-17 -0.34859E-02  0.10000E+01  0.89172E-17 -0.15388E-16  0.31076E-16 -0.87814E-17  0.99999E+00  0.17827E-02  0.34373E-17  0.15391E-16 -0.17827E-02  0.99999E+00
    3.10    0.00  0.93819E+00 -0.37223E-02 -0.83985E-17 -0.35687E-17 -0.37223E-02  0.10000E+01 -0.20399E-17  0.57842E-17 -0.83842E-17  0.19977E-17  0.99999E+00  0.19037E-02 -0.35632E-17 -0.57747E-17 -0.19037E-02  0.99999E+00
    3.20    0.00  0.93803E+00 -0.39664E-02  0.14648E-18  0.22287E-17 -0.39664E-02  0.10000E+01  0.51946E-17  0.53746E-18  0.12135E-18 -0.51952E-17  0.99999E+00  0.20286E-02  0.22311E-17 -0.53576E-18 -0.20286E-02  0.99999E+00
    3.30    0.00  0.93786E+00 -0.42184E-02  0.20094E-16 -0.14651E-16 -0.42184E-02  0.10000E+01  0.10023E-16 -0.29698E-16  0.20084E-16 -0.98736E-17  0.99999E+00  0.21575E-02 -0.14733E-16  0.29781E-16 -0.21575E-02  0.99999E+00
    3.40    0.00  0.93769E+00 -0.44781E-02 -0.15143E-16 -0.13490E-16 -0.44781E-02  0.10000E+01 -0.23469E-16 -0.25816E-16 -0.15007E-16  0.23460E-16  0.99999E+00  0.22904E-02 -0.13640E-16  0.25823E-16 -0.22904E-02  0.99999E+00
    3.50    0.00  0.93751E+00 -0.47456E-02  0.10145E-16  0.15841E-16 -0.47456E-02  0.10000E+01  0.31376E-16 -0.43527E-16  0.99579E-17 -0.31223E-16  0.99999E+00  0.24273E-02  0.15659E-16  0.43528E-16 -0.24273E-02  0.99999E+00
    3.60    0.00  0.93732E+00 -0.50208E-02  0.20493E-16 -0.19286E-16 -0.50208E-02  0.10000E+01 -0.55923E-17  0.65668E-17  0.20570E-16  0.56786E-17  0.99998E+00  0.25682E-02 -0.19201E-16 -0.64847E-17 -0.25682E-02  0.99998E+00
    3.70    0.00  0.93713E+00 -0.53039E-02 -0.76497E-17 -0.62690E-16 -0.53039E-02  0.10000E+01  0.50849E-16  0.87670E-16 -0.77506E-17 -0.51127E-16  0.99998E+00  0.27130E-02 -0.62247E-16 -0.87200E-16 -0.27130E-02  0.99998E+00
    3.80    0.00  0.93693E+00 -0.55947E-02 -0.13830E-16 -0.52663E-17 -0.55947E-02  0.10000E+01 -0.12238E-16 -0.28080E-16 -0.13746E-16  0.12241E-16  0.99998E+00  0.28619E-02 -0.54628E-17  0.28075E-16 -0.28619E-02  0.99998E+00
    3.90    0.00  0.93673E+00 -0.58933E-02  0.25068E-16 -0.11117E-17 -0.58933E-02  0.10000E+01  0.18434E-17 -0.14593E-16  0.25061E-16 -0.16517E-17  0.99998E+00  0.30147E-02 -0.11222E-17  0.14605E-16 -0.30147E-02  0.99998E+00
    4.00    0.00  0.93653E+00 -0.61996E-02  0.34146E-17 -0.26937E-16 -0.61996E-02  0.10000E+01 -0.18758E-16  0.16037E-16  0.36161E-17  0.18729E-16  0.99998E+00  0.31715E-02 -0.26827E-16 -0.15930E-16 -0.31715E-02  0.99998E+00
    4.10    0.00  0.93632E+00 -0.65138E-02 -0.51308E-16 -0.30035E-16 -0.65138E-02  0.10000E+01 -0.31953E-16  0.67546E-17 -0.51001E-16  0.31598E-16  0.99997E+00  0.33324E-02 -0.30161E-16 -0.66645E-17 -0.33324E-02  0.99997E+00
    4.20    0.00  0.93610E+00 -0.68358E-02  0.25971E-16  0.13802E-16 -0.68358E-02  0.10000E+01  0.29740E-16 -0.17116E-16  0.25721E-16 -0.29504E-16  0.99997E+00  0.34972E-02  0.13775E-16  0.17125E-16 -0.34972E-02  0.99997E+00
    4.30    0.00  0.93588E+00 -0.71655E-02 -0.64506E-17 -0.82111E-17 -0.71655E-02  0.10000E+01 -0.23231E-16  0.31315E-17 -0.62543E-17  0.23174E-16  0.99997E+00  0.36660E-02 -0.82119E-17 -0.31577E-17 -0.36660E-02  0.99997E+00
    4.40    0.00  0.93566E+00 -0.75030E-02  0.63696E-16 -0.72346E-16 -0.75030E-02  0.10000E+01 -0.23832E-17  0.73731E-16  0.63991E-16  0.25802E-17  0.99996E+00  0.38388E-02 -0.71549E-16 -0.73201E-16 -0.38388E-02  0.99996E+00
    4.50    0.00  0.93542E+00 -0.78484E-02 -0.27132E-16  0.98719E-17 -0.78484E-02  0.10000E+01  0.19492E-16  0.14639E-16 -0.27325E-16 -0.19765E-16  0.99996E+00  0.40157E-02  0.98774E-17 -0.14638E-16 -0.40157E-02  0.99996E+00
    4.60    0.00  0.93519E+00 -0.82015E-02  0.81480E-16 -0.75455E-16 -0.82015E-02  0.10000E+01  0.27056E-16  0.86343E-17  0.81577E-16 -0.26422E-16  0.99996E+00  0.41965E-02 -0.75045E-16 -0.79049E-17 -0.41965E-02  0.99996E+00
    4.70    0.00  0.93495E+00 -0.85624E-02  0.93418E-17  0.42046E-19 -0.85624E-02  0.10000E+01 -0.44149E-17 -0.25279E-17  0.93798E-17  0.45061E-17  0.99995E+00  0.43814E-02  0.61500E-19  0.25079E-17 -0.43814E-02  0.99995E+00
    4.80    0.00  0.93470E+00 -0.89311E-02 -0.18752E-16  0.10302E-16 -0.89311E-02  0.10000E+01 -0.19691E-16 -0.10643E-16 -0.18624E-16  0.19572E-16  0.99995E+00  0.45702E-02  0.10122E-16  0.10462E-16 -0.45702E-02  0.99995E+00
    4.90    0.00  0.93445E+00 -0.93076E-02 -0.46942E-17  0.10098E-16 -0.93076E-02  0.10000E+01 -0.20194E-16 -0.17719E-16 -0.45537E-17  0.20235E-16  0.99995E+00  0.47631E-02  0.99115E-17  0.17529E-16 -0.47631E-02  0.99995E+00
    5.00    0.00  0.93419E+00 -0.96920E-02  0.48535E-16 -0.74869E-16 -0.96920E-02  0.10000E+01 -0.50201E-17  0.42721E-16  0.48954E-16  0.52824E-17  0.99994E+00  0.49599E-02 -0.74216E-16 -0.42024E-16 -0.49599E-02  0.99994E+00
    5.10    0.00  0.93393E+00 -0.10084E-01  0.53984E-17 -0.17368E-16 -0.10084E-01  0.10000E+01 -0.57632E-17  0.11850E-16  0.55457E-17  0.57576E-17  0.99994E+00  0.51608E-02 -0.17221E-16 -0.11705E-16 -0.51608E-02  0.99994E+00
    5.20    0.00  0.93367E+00 -0.10484E-01  0.42761E-17 -0.52298E-17 -0.10484E-01  0.10000E+01 -0.61622E-17  0.30156E-16  0.43672E-17  0.60457E-17  0.99993E+00  0.53658E-02 -0.48906E-17 -0.30136E-16 -0.53658E-02  0.99993E+00
    5.30    0.00  0.93339E+00 -0.10892E-01 -0.30017E-16 -0.82105E-17 -0.10892E-01  0.10000E+01 -0.51474E-16 -0.24759E-17 -0.29411E-16  0.51164E-16  0.99993E+00  0.55747E-02 -0.84020E-17  0.22802E-17 -0.55747E-02  0.99993E+00
    5.40    0.00  0.93312E+00 -0.11307E-01  0.69621E-18  0.25019E-17 -0.11307E-01  0.10000E+01  0.14036E-17  0.24087E-17  0.66573E-18 -0.14099E-17  0.99992E+00  0.57877E-02  0.25332E-17 -0.24290E-17 -0.57877E-02  0.99992E+00
    5.50    0.00  0.93284E+00 -0.11731E-01  0.62048E-16 -0.30486E-16 -0.11731E-01  0.10000E+01  0.69898E-17 -0.34682E-16  0.62154E-16 -0.60518E-17  0.99991E+00  0.60046E-02 -0.30523E-16  0.35079E-16 -0.60046E-02  0.99991E+00
    5.60    0.00  0.93255E+00 -0.12162E-01 -0.21430E-16  0.55170E-17 -0.12162E-01  0.10000E+01 -0.34750E-16 -0.67534E-17 -0.21042E-16  0.34533E-16  0.99991E+00  0.62257E-02  0.53043E-17  0.64719E-17 -0.62257E-02  0.99991E+00
    5.70    0.00  0.93226E+00 -0.12601E-01 -0.82821E-17 -0.16406E-17 -0.12601E-01  0.10000E+01 -0.37210E-17  0.52840E-17 -0.82256E-17  0.35829E-17  0.99990E+00  0.64507E-02 -0.16273E-17 -0.52870E-17 -0.64507E-02  0.99990E+00
    5.80    0.00  0.93196E+00 -0.13048E-01  0.79679E-17  0.21852E-16 -0.13048E-01  0.10000E+01  0.43972E-17 -0.19104E-16  0.77667E-17 -0.41677E-17  0.99989E+00  0.66798E-02  0.21657E-16  0.18849E-16 -0.66798E-02  0.99989E+00
    5.90    0.00  0.93166E+00 -0.13503E-01  0.26880E-16 -0.92222E-17 -0.13503E-01  0.10000E+01 -0.53649E-16  0.28927E-17  0.27670E-16  0.53997E-16  0.99988E+00  0.69129E-02 -0.89929E-17 -0.31418E-17 -0.69129E-02  0.99988E+00
    6.00    0.00  0.93136E+00 -0.13965E-01 -0.70499E-17 -0.94286E-17 -0.13965E-01  0.10000E+01 -0.19081E-16  0.34575E-17 -0.67168E-17  0.18960E-16  0.99988E+00  0.71500E-02 -0.94295E-17 -0.34618E-17 -0.71500E-02  0.99988E+00
    6.10    0.00  0.93104E+00 -0.14436E-01  0.32015E-17  0.11005E-16 -0.14436E-01  0.10000E+01 -0.32445E-17 -0.19518E-16  0.31693E-17  0.34340E-17  0.99987E+00  0.73912E-02  0.10748E-16  0.19336E-16 -0.73912E-02  0.99987E+00
    6.20    0.00  0.93073E+00 -0.14914E-01  0.10156E-18 -0.23463E-16 -0.14914E-01  0.10000E+01 -0.11701E-16 -0.16757E-16  0.45721E-18  0.11834E-16  0.99986E+00  0.76365E-02 -0.23712E-16  0.17019E-16 -0.76365E-02  0.99986E+00
    6.30    0.00  0.93041E+00 -0.15400E-01  0.28083E-16 -0.12813E-17 -0.15400E-01  0.10000E+01  0.30953E-16  0.82392E-17  0.27618E-16 -0.30588E-16  0.99985E+00  0.78857E-02 -0.93677E-18 -0.79794E-17 -0.78857E-02  0.99985E+00
    6.40    0.00  0.93008E+00 -0.15894E-01 -0.14154E-16 -0.10206E-17 -0.15894E-01  0.10000E+01 -0.10055E-16  0.76671E-17 -0.13988E-16  0.97684E-17  0.99984E+00  0.81391E-02 -0.10127E-17 -0.77316E-17 -0.81391E-02  0.99984E+00
    6.50    0.00  0.92975E+00 -0.16395E-01  0.36418E-16  0.11359E-16 -0.16395E-01  0.10000E+01  0.22693E-16 -0.13929E-16  0.35956E-16 -0.21982E-16  0.99983E+00  0.83965E-02  0.11435E-16  0.13930E-16 -0.83965E-02  0.99983E+00
    6.60    0.00  0.92942E+00 -0.16905E-01 -0.23665E-16 -0.22507E-16 -0.16905E-01  0.10000E+01 -0.38650E-16  0.13917E-16 -0.22821E-16  0.38137E-16  0.99982E+00  0.86579E-02 -0.22474E-16 -0.13870E-16 -0.86579E-02  0.99982E+00
    6.70    0.00  0.92908E+00 -0.17422E-01 -0.31190E-16 -0.29591E-16 -0.17422E-01  0.10000E+01 -0.26353E-16 -0.97600E-18 -0.30470E-16  0.25826E-16  0.99981E+00  0.89234E-02 -0.29886E-16  0.12613E-17 -0.89234E-02  0.99981E+00
    6.80    0.00  0.92873E+00 -0.17948E-01 -0.29473E-16 -0.47024E-16 -0.17948E-01  0.10000E+01 -0.26234E-16  0.11206E-16 -0.28575E-16  0.25612E-16  0.99980E+00  0.91930E-02 -0.47095E-16 -0.10600E-16 -0.91930E-02  0.99980E+00
    6.90    0.00  0.92838E+00 -0.18481E-01  0.51476E-16  0.13289E-16 -0.18481E-01  0.10000E+01  0.30270E-16  0.71439E-17  0.50796E-16 -0.29393E-16  0.99978E+00  0.94666E-02  0.13905E-16 -0.71128E-17 -0.94666E-02  0.99978E+00
    7.00    0.00  0.92803E+00 -0.19022E-01  0.15506E-16 -0.67068E-18 -0.19022E-01  0.10000E+01  0.31503E-16 -0.24318E-16  0.14920E-16 -0.30975E-16  0.99977E+00  0.97443E-02 -0.98810E-18  0.24638E-16 -0.97443E-02  0.99977E+00
    7.10    0.00  0.92767E+00 -0.19571E-01  0.26934E-16 -0.10321E-16 -0.19571E-01  0.10000E+01  0.20555E-16  0.18040E-17  0.26639E-16 -0.20047E-16  0.99976E+00  0.10026E-01 -0.10021E-16 -0.14013E-17 -0.10026E-01  0.99976E+00
    7.20    0.00  0.92730E+00 -0.20128E-01  0.34322E-16  0.97250E-17 -0.20128E-01  0.10000E+01  0.23644E-16 -0.18305E-16  0.33754E-16 -0.22770E-16  0.99974E+00  0.10312E-01  0.97071E-17  0.18348E-16 -0.10312E-01  0.99974E+00
    7.30    0.00  0.92693E+00 -0.20692E-01 -0.44248E-16 -0.15654E-16 -0.20692E-01  0.10000E+01 -0.26858E-16 -0.13981E-16 -0.43530E-16  0.26098E-16  0.99973E+00  0.10602E-01 -0.16410E-16  0.14032E-16 -0.10602E-01  0.99973E+00
    7.40    0.00  0.92656E+00 -0.21265E-01  0.20665E-16  0.10183E-16 -0.21265E-01  0.10000E+01  0.21074E-16 -0.15219E-16  0.20113E-16 -0.20474E-16  0.99971E+00  0.10896E-01  0.10081E-16  0.15230E-16 -0.10896E-01  0.99971E+00
    7.50    0.00  0.92618E+00 -0.21845E-01 -0.30277E-16 -0.18924E-16 -0.21845E-01  0.10000E+01 -0.38033E-16  0.15191E-16 -0.29243E-16  0.37212E-16  0.99970E+00  0.11194E-01 -0.18925E-16 -0.15199E-16 -0.11194E-01  0.99970E+00
    7.60    0.00  0.92580E+00 -0.22433E-01  0.13977E-16 -0.96869E-17 -0.22433E-01  0.10000E+01  0.17733E-16 -0.26837E-16  0.13700E-16 -0.17111E-16  0.99968E+00  0.11496E-01 -0.10135E-16  0.27259E-16 -0.11496E-01  0.99968E+00
    7.70    0.00  0.92541E+00 -0.23029E-01  0.43602E-17  0.11513E-17 -0.23029E-01  0.10000E+01 -0.32719E-16  0.18552E-16  0.50961E-17  0.32607E-16  0.99967E+00  0.11802E-01  0.16393E-17 -0.18969E-16 -0.11802E-01  0.99967E+00
    7.80    0.00  0.92502E+00 -0.23633E-01  0.12435E-16 -0.15281E-16 -0.23633E-01  0.10000E+01  0.47690E-16 -0.50874E-17  0.11497E-16 -0.47340E-16  0.99965E+00  0.12113E-01 -0.15268E-16  0.60241E-17 -0.12113E-01  0.99965E+00
    7.90    0.00  0.92462E+00 -0.24245E-01 -0.13898E-16 -0.48583E-17 -0.24245E-01  0.10000E+01 -0.88860E-17  0.75848E-17 -0.13627E-16  0.84580E-17  0.99963E+00  0.12427E-01 -0.48455E-17 -0.75749E-17 -0.12427E-01  0.99963E+00
    8.00    0.00  0.92422E+00 -0.24865E-01 -0.83462E-18 -0.14845E-16 -0.24865E-01  0.10000E+01  0.28283E-17  0.20235E-16 -0.72224E-18 -0.31031E-17  0.99961E+00  0.12745E-01 -0.14357E-16 -0.19834E-16 -0.12745E-01  0.99961E+00
    8.10    0.00  0.92381E+00 -0.25493E-01  0.58672E-16 -0.57615E-16 -0.25493E-01  0.10000E+01  0.23477E-16  0.51479E-17  0.58839E-16 -0.22034E-16  0.99959E+00  0.13068E-01 -0.56738E-16 -0.33926E-17 -0.13068E-01  0.99959E+00
    8.20    0.00  0.92340E+00 -0.26129E-01  0.13833E-16  0.18543E-16 -0.26129E-01  0.10000E+01  0.18883E-17 -0.24629E-16  0.13547E-16 -0.12036E-17  0.99957E+00  0.13395E-01  0.18089E-16  0.24171E-16 -0.13395E-01  0.99957E+00
    8.30    0.00  0.92299E+00 -0.26772E-01  0.13224E-16  0.20077E-16 -0.26772E-01  0.10000E+01  0.23708E-17  0.13175E-16  0.12883E-16 -0.22056E-17  0.99955E+00  0.13726E-01  0.20616E-16 -0.13688E-16 -0.13726E-01  0.99955E+00
    8.40    0.00  0.92257E+00 -0.27423E-01 -0.10638E-16  0.26869E-16 -0.27423E-01  0.10000E+01 -0.20210E-16  0.38182E-17 -0.10467E-16  0.19860E-16  0.99953E+00  0.14061E-01  0.26840E-16 -0.48366E-17 -0.14061E-01  0.99953E+00
    8.50    0.00  0.92214E+00 -0.28083E-01  0.13773E-16  0.18778E-16 -0.28083E-01  0.10000E+01  0.32318E-16 -0.89646E-17  0.12602E-16 -0.31819E-16  0.99950E+00  0.14400E-01  0.18717E-16  0.88999E-17 -0.14400E-01  0.99950E+00
    8.60    0.00  0.92171E+00 -0.28750E-01 -0.36624E-16  0.24878E-16 -0.28750E-01  0.10000E+01  0.46298E-17  0.12675E-17 -0.37136E-16 -0.57137E-17  0.99948E+00  0.14743E-01  0.24380E-16 -0.18995E-17 -0.14743E-01  0.99948E+00
    8.70    0.00  0.92128E+00 -0.29425E-01  0.11000E-16 -0.15829E-16 -0.29425E-01  0.10000E+01 -0.96533E-18  0.98299E-17  0.11266E-16  0.11480E-17  0.99945E+00  0.15090E-01 -0.15378E-16 -0.93866E-17 -0.15090E-01  0.99945E+00
    8.80    0.00  0.92084E+00 -0.30108E-01 -0.21830E-16 -0.16046E-16 -0.30108E-01  0.10000E+01 -0.26363E-17 -0.82561E-17 -0.21506E-16  0.21148E-17  0.99943E+00  0.15442E-01 -0.16637E-16  0.87115E-17 -0.15442E-01  0.99943E+00
    8.90    0.00  0.92040E+00 -0.30799E-01  0.45467E-18 -0.25387E-16 -0.30799E-01  0.10000E+01 -0.10823E-16 -0.14772E-16  0.11969E-17  0.11087E-16  0.99940E+00  0.15797E-01 -0.25839E-16  0.15388E-16 -0.15797E-01  0.99940E+00
    9.00    0.00  0.91995E+00 -0.31498E-01  0.14513E-16  0.19870E-16 -0.31498E-01  0.10000E+01  0.39792E-16 -0.64476E-17  0.12947E-16 -0.39255E-16  0.99937E+00  0.16157E-01  0.19888E-16  0.64600E-17 -0.16157E-01  0.99937E+00
    9.10    0.00  0.91950E+00 -0.32205E-01 -0.35850E-16  0.16709E-16 -0.32205E-01  0.10000E+01 -0.72598E-17 -0.13906E-17 -0.35906E-16  0.61217E-17  0.99934E+00  0.16521E-01  0.16081E-16  0.75184E-18 -0.16521E-01  0.99934E+00
    9.20    0.00  0.91904E+00 -0.32920E-01  0.32372E-16 -0.18204E-16 -0.32920E-01  0.10000E+01  0.38052E-16 -0.13058E-16  0.31447E-16 -0.36771E-16  0.99932E+00  0.16889E-01 -0.18115E-16  0.14288E-16 -0.16889E-01  0.99932E+00
    9.30    0.00  0.91858E+00 -0.33643E-01  0.23730E-16  0.13450E-16 -0.33643E-01  0.10000E+01  0.21976E-16 -0.14247E-16  0.22776E-16 -0.20949E-16  0.99928E+00  0.17261E-01  0.13373E-16  0.14167E-16 -0.17261E-01  0.99928E+00
    9.40    0.00  0.91811E+00 -0.34373E-01  0.20026E-16 -0.17177E-16 -0.34373E-01  0.10000E+01 -0.19682E-17  0.56744E-17  0.20402E-16  0.25680E-17  0.99925E+00  0.17637E-01 -0.16634E-16 -0.51331E-17 -0.17637E-01  0.99925E+00
    9.50    0.00  0.91764E+00 -0.35112E-01  0.49613E-19 -0.62797E-16 -0.35112E-01  0.10000E+01 -0.54853E-16 -0.69795E-18  0.31098E-17  0.54932E-16  0.99922E+00  0.18017E-01 -0.62814E-16  0.19146E-17 -0.18017E-01  0.99922E+00
    9.60    0.00  0.91717E+00 -0.35859E-01  0.37036E-16  0.27128E-16 -0.35859E-01  0.10000E+01  0.14226E-16 -0.45472E-17  0.36046E-16 -0.12838E-16  0.99919E+00  0.18402E-01  0.27651E-16  0.38138E-17 -0.18402E-01  0.99919E+00
    9.70    0.00  0.91669E+00 -0.36613E-01 -0.12924E-16 -0.32604E-16 -0.36613E-01  0.10000E+01  0.30119E-17  0.66442E-17 -0.12432E-16 -0.35893E-17  0.99915E+00  0.18791E-01 -0.32622E-16 -0.53875E-17 -0.18791E-01  0.99915E+00
    9.80    0.00  0.91621E+00 -0.37376E-01 -0.10574E-16 -0.33921E-16 -0.37376E-01  0.10000E+01 -0.35964E-16  0.20676E-16 -0.85976E-17  0.35214E-16  0.99912E+00  0.19183E-01 -0.33343E-16 -0.20101E-16 -0.19183E-01  0.99912E+00
    9.90    0.00  0.91572E+00 -0.38146E-01  0.39659E-16  0.78243E-17 -0.38146E-01  0.10000E+01  0.13462E-16  0.12917E-16  0.39004E-16 -0.12215E-16  0.99908E+00  0.19581E-01  0.90891E-17 -0.12988E-16 -0.19581E-01  0.99908E+00
   10.00    0.00  0.91523E+00 -0.38924E-01  0.99981E-18  0.12175E-16 -0.38924E-01  0.10000E+01 -0.10842E-16 -0.18364E-16  0.11933E-17  0.11245E-16  0.99904E+00  0.19982E-01  0.11495E-16  0.17682E-16 -0.19982E-01  0.99904E+00
   10.10    0.00  0.91473E+00 -0.39711E-01  0.70655E-17 -0.10442E-16 -0.39711E-01  0.10000E+01 -0.19152E-16  0.31142E-16  0.80185E-17  0.18816E-16  0.99900E+00  0.20387E-01 -0.90504E-17 -0.31142E-16 -0.20387E-01  0.99900E+00
   10.20    0.00  0.91423E+00 -0.40505E-01  0.49545E-16 -0.78818E-17 -0.40505E-01  0.10000E+01 -0.43892E-16 -0.74336E-17  0.51525E-16  0.46089E-16  0.99896E+00  0.20797E-01 -0.71188E-17  0.68015E-17 -0.20797E-01  0.99896E+00
   10.30    0.00  0.91373E+00 -0.41308E-01 -0.16384E-16 -0.24802E-16 -0.41308E-01  0.10000E+01 -0.13794E-16 -0.82801E-17 -0.15290E-16  0.13323E-16  0.99892E+00  0.21210E-01 -0.25496E-16  0.90318E-17 -0.21210E-01  0.99892E+00
   10.40    0.00  0.91322E+00 -0.42118E-01  0.28787E-16 -0.39190E-17 -0.42118E-01  0.10000E+01  0.31400E-16 -0.29157E-16  0.27594E-16 -0.29572E-16  0.99888E+00  0.21628E-01 -0.45553E-17  0.29995E-16 -0.21628E-01  0.99888E+00
   10.50    0.00  0.91270E+00 -0.42936E-01 -0.43130E-16  0.97939E-17 -0.42936E-01  0.10000E+01 -0.15702E-16  0.39717E-16 -0.42739E-16  0.12973E-16  0.99883E+00  0.22050E-01  0.10569E-16 -0.40470E-16 -0.22050E-01  0.99883E+00
   10.60    0.00  0.91219E+00 -0.43762E-01  0.75333E-18  0.19095E-16 -0.43762E-01  0.10000E+01 -0.25515E-16  0.15007E-17  0.14398E-17  0.25514E-16  0.99879E+00  0.22477E-01  0.19217E-16 -0.29133E-17 -0.22477E-01  0.99879E+00
   10.70    0.00  0.91166E+00 -0.44597E-01  0.12226E-17  0.16655E-16 -0.44597E-01  0.10000E+01  0.17584E-17  0.18399E-16  0.74391E-18 -0.21445E-17  0.99874E+00  0.22907E-01  0.17514E-16 -0.19117E-16 -0.22907E-01  0.99874E+00
   10.80    0.00  0.91114E+00 -0.45439E-01  0.78097E-16 -0.61752E-16 -0.45439E-01  0.10000E+01  0.26090E-16  0.33752E-16  0.78379E-16 -0.23282E-16  0.99869E+00  0.23342E-01 -0.58465E-16 -0.30442E-16 -0.23342E-01  0.99869E+00
   10.90    0.00  0.91061E+00 -0.46289E-01  0.21742E-17  0.20366E-16 -0.46289E-01  0.10000E+01 -0.24126E-16  0.16423E-18  0.28080E-17  0.24220E-16  0.99864E+00  0.23781E-01  0.20469E-16 -0.16852E-17 -0.23781E-01  0.99864E+00
   11.00    0.00  0.91007E+00 -0.47147E-01 -0.42187E-16 -0.39570E-16 -0.47147E-01  0.10000E+01 -0.39450E-16  0.65280E-17 -0.39407E-16  0.37378E-16  0.99859E+00  0.24224E-01 -0.40273E-16 -0.55757E-17 -0.24224E-01  0.99859E+00
   11.10    0.00  0.90954E+00 -0.48013E-01  0.81855E-17 -0.90276E-17 -0.48013E-01  0.10000E+01 -0.16965E-16 -0.45203E-17  0.92363E-17  0.17495E-16  0.99854E+00  0.24671E-01 -0.90299E-17  0.45287E-17 -0.24671E-01  0.99854E+00
   11.20    0.00  0.90899E+00 -0.48888E-01  0.27536E-16  0.35579E-16 -0.48888E-01  0.10000E+01  0.12031E-17 -0.15116E-16  0.26624E-16  0.48009E-18  0.99849E+00  0.25123E-01  0.35563E-16  0.13385E-16 -0.25123E-01  0.99849E+00
   11.30    0.00  0.90845E+00 -0.49770E-01  0.15277E-17  0.31967E-16 -0.49770E-01  0.10000E+01  0.28636E-16  0.17639E-16 -0.73962E-18 -0.29079E-16  0.99843E+00  0.25578E-01  0.32877E-16 -0.18515E-16 -0.25578E-01  0.99843E+00
   11.40    0.00  0.90790E+00 -0.50660E-01 -0.23516E-17 -0.25342E-16 -0.50660E-01  0.10000E+01 -0.14106E-16  0.19048E-16 -0.10022E-17  0.13536E-16  0.99838E+00  0.26038E-01 -0.24443E-16 -0.18146E-16 -0.26038E-01  0.99838E+00
   11.50    0.00  0.90734E+00 -0.51558E-01  0.50268E-17 -0.35600E-17 -0.51558E-01  0.10000E+01 -0.67207E-17 -0.27417E-17  0.54769E-17  0.70645E-17  0.99832E+00  0.26503E-01 -0.35622E-17  0.27426E-17 -0.26503E-01  0.99832E+00
   11.60    0.00  0.90678E+00 -0.52465E-01  0.14518E-16  0.89625E-17 -0.52465E-01  0.10000E+01 -0.11857E-16  0.11408E-16  0.14897E-16  0.12310E-16  0.99826E+00  0.26971E-01  0.99802E-17 -0.12232E-16 -0.26971E-01  0.99826E+00
   11.70    0.00  0.90622E+00 -0.53379E-01  0.54782E-17  0.27095E-16 -0.53379E-01  0.10000E+01 -0.20912E-16 -0.67499E-17  0.58655E-17  0.21372E-16  0.99820E+00  0.27444E-01  0.26944E-16  0.47256E-17 -0.27444E-01  0.99820E+00
   11.80    0.00  0.90565E+00 -0.54301E-01  0.35806E-16  0.37376E-16 -0.54301E-01  0.10000E+01  0.94059E-17 -0.17054E-16  0.34312E-16 -0.70490E-17  0.99813E+00  0.27921E-01  0.37478E-16  0.15250E-16 -0.27921E-01  0.99813E+00
   11.90    0.00  0.90508E+00 -0.55231E-01  0.14602E-16 -0.18367E-16 -0.55231E-01  0.10000E+01  0.28819E-17  0.12033E-16  0.14963E-16 -0.23917E-17  0.99807E+00  0.28402E-01 -0.17311E-16 -0.10972E-16 -0.28402E-01  0.99807E+00
   12.00    0.00  0.90451E+00 -0.56170E-01 -0.29330E-16 -0.19276E-17 -0.56170E-01  0.10000E+01 -0.69060E-16  0.14846E-16 -0.25449E-16  0.67063E-16  0.99800E+00  0.28887E-01 -0.18325E-17 -0.16708E-16 -0.28887E-01  0.99800E+00
   12.10    0.00  0.90393E+00 -0.57116E-01  0.53815E-17 -0.87713E-17 -0.57116E-01  0.10000E+01 -0.19623E-16 -0.49430E-17  0.67769E-17  0.20115E-16  0.99794E+00  0.29377E-01 -0.88729E-17  0.48631E-17 -0.29377E-01  0.99794E+00
   12.20    0.00  0.90335E+00 -0.58070E-01  0.51554E-16 -0.10249E-15 -0.58070E-01  0.10000E+01  0.14730E-16  0.47434E-16  0.53750E-16 -0.12995E-16  0.99787E+00  0.29870E-01 -0.98344E-16 -0.41182E-16 -0.29870E-01  0.99787E+00
   12.30    0.00  0.90276E+00 -0.59033E-01  0.19066E-16 -0.61796E-17 -0.59033E-01  0.10000E+01  0.28005E-16  0.15037E-15  0.17353E-16 -0.31485E-16  0.99779E+00  0.30369E-01  0.32312E-17 -0.14938E-15 -0.30369E-01  0.99779E+00
   12.40    0.00  0.90217E+00 -0.60003E-01  0.12161E-16  0.87334E-17 -0.60003E-01  0.10000E+01 -0.14308E-16  0.11440E-16  0.12745E-16  0.14687E-16  0.99772E+00  0.30871E-01  0.98357E-17 -0.12446E-16 -0.30871E-01  0.99772E+00
   12.50    0.00  0.90158E+00 -0.60982E-01  0.46620E-16 -0.62139E-17 -0.60982E-01  0.10000E+01  0.21691E-16 -0.75630E-17  0.45569E-16 -0.18624E-16  0.99765E+00  0.31378E-01 -0.52576E-17  0.85464E-17 -0.31378E-01  0.99765E+00
   12.60    0.00  0.90098E+00 -0.61968E-01  0.27418E-17 -0.18405E-16 -0.61968E-01  0.10000E+01  0.43298E-17  0.19425E-16  0.30276E-17 -0.47511E-17  0.99757E+00  0.31889E-01 -0.17146E-16 -0.18177E-16 -0.31889E-01  0.99757E+00
   12.70    0.00  0.90038E+00 -0.62963E-01  0.84953E-17 -0.20289E-16 -0.62963E-01  0.10000E+01 -0.31652E-17  0.13888E-16  0.93389E-17  0.32952E-17  0.99749E+00  0.32404E-01 -0.19160E-16 -0.12749E-16 -0.32404E-01  0.99749E+00
   12.80    0.00  0.89977E+00 -0.63965E-01  0.26840E-16  0.99691E-17 -0.63965E-01  0.10000E+01  0.15185E-16 -0.16379E-16  0.25613E-16 -0.12969E-16  0.99741E+00  0.32923E-01  0.97900E-17  0.16211E-16 -0.32923E-01  0.99741E+00
   12.90    0.00  0.89916E+00 -0.64976E-01  0.42961E-17 -0.20806E-16 -0.64976E-01  0.10000E+01 -0.73472E-17  0.14389E-16  0.54483E-17  0.72003E-17  0.99733E+00  0.33447E-01 -0.19742E-16 -0.13314E-16 -0.33447E-01  0.99733E+00
   13.00    0.00  0.89855E+00 -0.65995E-01 -0.98999E-17 -0.51351E-16 -0.65995E-01  0.10000E+01 -0.59501E-16 -0.11311E-16 -0.42050E-17  0.59444E-16  0.99724E+00  0.33975E-01 -0.52385E-16  0.12716E-16 -0.33975E-01  0.99724E+00
   13.10    0.00  0.89793E+00 -0.67022E-01  0.14846E-16 -0.15639E-16 -0.67022E-01  0.10000E+01  0.32178E-17  0.92055E-17  0.15175E-16 -0.25093E-17  0.99715E+00  0.34507E-01 -0.14539E-16 -0.80938E-17 -0.34507E-01  0.99715E+00
   13.20    0.00  0.89731E+00 -0.68056E-01 -0.33422E-16 -0.99291E-17 -0.68056E-01  0.10000E+01 -0.58234E-16 -0.39783E-17 -0.29150E-16  0.56219E-16  0.99707E+00  0.35044E-01 -0.11254E-16  0.26918E-17 -0.35044E-01  0.99707E+00
   13.30    0.00  0.89669E+00 -0.69099E-01  0.41852E-16  0.26315E-16 -0.69099E-01  0.10000E+01  0.15264E-16 -0.63907E-17  0.39943E-16 -0.12230E-16  0.99697E+00  0.35585E-01  0.27377E-16  0.50228E-17 -0.35585E-01  0.99697E+00
   13.40    0.00  0.89606E+00 -0.70150E-01  0.25542E-16  0.25980E-16 -0.70150E-01  0.10000E+01  0.13938E-16 -0.32443E-16  0.23749E-16 -0.11056E-16  0.99688E+00  0.36130E-01  0.24639E-16  0.31117E-16 -0.36130E-01  0.99688E+00
   13.50    0.00  0.89543E+00 -0.71209E-01 -0.68236E-17  0.35643E-16 -0.71209E-01  0.10000E+01  0.34272E-16 -0.12107E-16 -0.10564E-16 -0.34470E-16  0.99679E+00  0.36680E-01  0.34504E-16  0.10868E-16 -0.36680E-01  0.99679E+00
   13.60    0.00  0.89480E+00 -0.72276E-01  0.19204E-16 -0.94799E-17 -0.72276E-01  0.10000E+01 -0.45037E-16 -0.27047E-16  0.22931E-16  0.47552E-16  0.99669E+00  0.37233E-01 -0.10616E-16  0.26048E-16 -0.37233E-01  0.99669E+00
   13.70    0.00  0.89416E+00 -0.73351E-01  0.45422E-16  0.59350E-17 -0.73351E-01  0.10000E+01 -0.18770E-16 -0.42512E-16  0.46785E-16  0.23744E-16  0.99659E+00  0.37791E-01  0.46005E-17  0.41320E-16 -0.37791E-01  0.99659E+00
   13.80    0.00  0.89351E+00 -0.74434E-01  0.20340E-16 -0.39432E-17 -0.74434E-01  0.10000E+01  0.23834E-16 -0.28841E-16  0.18839E-16 -0.21242E-16  0.99649E+00  0.38354E-01 -0.53863E-17  0.30055E-16 -0.38354E-01  0.99649E+00
   13.90    0.00  0.89287E+00 -0.75526E-01  0.73609E-17 -0.22226E-16 -0.75526E-01  0.10000E+01 -0.46123E-17  0.15484E-16  0.85497E-17  0.46387E-17  0.99638E+00  0.38921E-01 -0.20799E-16 -0.14037E-16 -0.38921E-01  0.99638E+00
   14.00    0.00  0.89222E+00 -0.76625E-01 -0.16789E-16 -0.49638E-17 -0.76625E-01  0.10000E+01 -0.13177E-16 -0.27903E-16 -0.15532E-16  0.13039E-16  0.99628E+00  0.39492E-01 -0.77441E-17  0.27872E-16 -0.39492E-01  0.99628E+00
   14.10    0.00  0.89157E+00 -0.77732E-01  0.32200E-17 -0.21914E-17 -0.77732E-01  0.10000E+01  0.59257E-16 -0.30438E-18 -0.12999E-17 -0.59118E-16  0.99617E+00  0.40067E-01 -0.22759E-17  0.28544E-17 -0.40067E-01  0.99617E+00
   14.20    0.00  0.89091E+00 -0.78848E-01  0.27193E-16  0.94700E-17 -0.78848E-01  0.10000E+01  0.15656E-16 -0.16007E-16  0.25682E-16 -0.12918E-16  0.99606E+00  0.40647E-01  0.92884E-17  0.15848E-16 -0.40647E-01  0.99606E+00
   14.30    0.00  0.89025E+00 -0.79971E-01  0.11137E-17  0.24848E-16 -0.79971E-01  0.10000E+01 -0.25572E-16 -0.51987E-17  0.21523E-17  0.25854E-16  0.99594E+00  0.41231E-01  0.24621E-16  0.21544E-17 -0.41231E-01  0.99594E+00
   14.40    0.00  0.88959E+00 -0.81103E-01 -0.11099E-17 -0.16735E-16 -0.81103E-01  0.10000E+01  0.21480E-17 -0.16207E-16 -0.52742E-18 -0.15040E-17  0.99583E+00  0.41819E-01 -0.18148E-16  0.17701E-16 -0.41819E-01  0.99583E+00
   14.50    0.00  0.88892E+00 -0.82243E-01 -0.29566E-16  0.82475E-17 -0.82243E-01  0.10000E+01  0.11273E-16  0.15512E-16 -0.30976E-16 -0.14430E-16  0.99571E+00  0.42412E-01  0.82449E-17 -0.15645E-16 -0.42412E-01  0.99571E+00
   14.60    0.00  0.88826E+00 -0.83390E-01 -0.37589E-17 -0.22059E-17 -0.83390E-01  0.10000E+01 -0.22050E-17  0.32639E-17 -0.35004E-17  0.17630E-17  0.99559E+00  0.43009E-01 -0.20935E-17 -0.31698E-17 -0.43009E-01  0.99559E+00
   14.70    0.00  0.88758E+00 -0.84546E-01  0.25480E-16  0.88715E-17 -0.84546E-01  0.10000E+01  0.13985E-16 -0.15442E-16  0.24030E-16 -0.11217E-16  0.99546E+00  0.43611E-01  0.86532E-17  0.15250E-16 -0.43611E-01  0.99546E+00
   14.80    0.00  0.88691E+00 -0.85710E-01  0.29681E-16 -0.17780E-16 -0.85710E-01  0.10000E+01  0.33547E-16 -0.14973E-16  0.27727E-16 -0.30352E-16  0.99534E+00  0.44216E-01 -0.17921E-16  0.17923E-16 -0.44216E-01  0.99534E+00
   14.90    0.00  0.88623E+00 -0.86882E-01  0.28704E-16 -0.30324E-16 -0.86882E-01  0.10000E+01 -0.19985E-16 -0.33181E-16  0.32025E-16  0.24159E-16  0.99521E+00  0.44826E-01 -0.31924E-16  0.34900E-16 -0.44826E-01  0.99521E+00
   15.00    0.00  0.88554E+00 -0.88062E-01 -0.38236E-16 -0.21935E-16 -0.88062E-01  0.10000E+01 -0.36635E-16  0.22875E-16 -0.34197E-16  0.32403E-16  0.99508E+00  0.45441E-01 -0.21581E-16 -0.22527E-16 -0.45441E-01  0.99508E+00
   15.10    0.00  0.88486E+00 -0.89250E-01  0.13925E-16  0.90931E-17 -0.89250E-01  0.10000E+01 -0.12873E-16  0.10295E-16  0.14654E-16  0.13642E-16  0.99494E+00  0.46060E-01  0.10741E-16 -0.11794E-16 -0.46060E-01  0.99494E+00
   15.20    0.00  0.88417E+00 -0.90446E-01  0.10739E-16  0.15213E-16 -0.90446E-01  0.10000E+01 -0.30092E-17  0.11715E-16  0.10279E-16  0.33764E-17  0.99481E+00  0.46683E-01  0.16840E-16 -0.13317E-16 -0.46683E-01  0.99481E+00
   15.30    0.00  0.88348E+00 -0.91651E-01 -0.10456E-16 -0.23414E-16 -0.91651E-01  0.10000E+01 -0.69131E-17 -0.94424E-17 -0.86947E-17  0.65260E-17  0.99467E+00  0.47311E-01 -0.24823E-16  0.11340E-16 -0.47311E-01  0.99467E+00
   15.40    0.00  0.88278E+00 -0.92863E-01  0.52581E-17  0.10890E-16 -0.92863E-01  0.10000E+01 -0.21589E-16  0.84131E-17  0.67215E-17  0.21691E-16  0.99452E+00  0.47942E-01  0.12059E-16 -0.10522E-16 -0.47942E-01  0.99452E+00
   15.50    0.00  0.88208E+00 -0.94084E-01 -0.42613E-16 -0.21310E-16 -0.94084E-01  0.10000E+01 -0.41453E-16  0.22133E-16 -0.37897E-16  0.36579E-16  0.99438E+00  0.48579E-01 -0.21187E-16 -0.22029E-16 -0.48579E-01  0.99438E+00
   15.60    0.00  0.88138E+00 -0.95312E-01 -0.64175E-17 -0.18811E-16 -0.95312E-01  0.10000E+01 -0.63546E-16 -0.15143E-16  0.64408E-18  0.63986E-16  0.99423E+00  0.49219E-01 -0.20340E-16  0.13867E-16 -0.49219E-01  0.99423E+00
   15.70    0.00  0.88068E+00 -0.96549E-01  0.70319E-19  0.15047E-16 -0.96549E-01  0.10000E+01  0.49025E-16 -0.20737E-16 -0.53356E-17 -0.48216E-16  0.99408E+00  0.49865E-01  0.12855E-16  0.21818E-16 -0.49865E-01  0.99408E+00
   15.80    0.00  0.87997E+00 -0.97793E-01 -0.11849E-16 -0.19585E-16 -0.97793E-01  0.10000E+01 -0.77744E-17 -0.12848E-16 -0.10065E-16  0.73919E-17  0.99392E+00  0.50514E-01 -0.21481E-16  0.14478E-16 -0.50514E-01  0.99392E+00
   15.90    0.00  0.87926E+00 -0.99046E-01 -0.30411E-16 -0.48537E-16 -0.99046E-01  0.10000E+01 -0.26252E-16  0.16011E-16 -0.25486E-16  0.22745E-16  0.99377E+00  0.51168E-01 -0.48558E-16 -0.12445E-16 -0.51168E-01  0.99377E+00
   16.00    0.00  0.87855E+00 -0.10031E+00  0.24245E-16  0.34843E-17 -0.10031E+00  0.10000E+01  0.28457E-16 -0.36005E-16  0.21477E-16 -0.24255E-16  0.99361E+00  0.51826E-01  0.99221E-18  0.37150E-16 -0.51826E-01  0.99361E+00
   16.10    0.00  0.87783E+00 -0.10158E+00  0.81870E-17  0.99732E-17 -0.10158E+00  0.10000E+01  0.25309E-16 -0.34662E-16  0.52953E-17 -0.22786E-16  0.99344E+00  0.52489E-01  0.67748E-17  0.35075E-16 -0.52489E-01  0.99344E+00
   16.20    0.00  0.87711E+00 -0.10285E+00 -0.33406E-17  0.34608E-17 -0.10285E+00  0.10000E+01 -0.15190E-16 -0.10486E-16 -0.19132E-17  0.15448E-16  0.99328E+00  0.53156E-01  0.22960E-17  0.93720E-17 -0.53156E-01  0.99328E+00
   16.30    0.00  0.87639E+00 -0.10414E+00  0.10858E-17 -0.14183E-16 -0.10414E+00  0.10000E+01  0.11404E-16 -0.14611E-16  0.75236E-18 -0.10461E-16  0.99311E+00  0.53827E-01 -0.15773E-16  0.16767E-16 -0.53827E-01  0.99311E+00
   16.40    0.00  0.87566E+00 -0.10543E+00 -0.20828E-16 -0.17093E-16 -0.10543E+00  0.10000E+01 -0.32558E-16  0.10085E-16 -0.16583E-16  0.30030E-16  0.99293E+00  0.54503E-01 -0.17054E-16 -0.99905E-17 -0.54503E-01  0.99293E+00
   16.50    0.00  0.87493E+00 -0.10673E+00 -0.32803E-16 -0.62975E-17 -0.10673E+00  0.10000E+01 -0.44087E-16 -0.47360E-18 -0.27861E-16  0.40820E-16  0.99276E+00  0.55183E-01 -0.79430E-17 -0.11149E-17 -0.55183E-01  0.99276E+00
   16.60    0.00  0.87420E+00 -0.10804E+00 -0.38049E-17 -0.25881E-16 -0.10804E+00  0.10000E+01 -0.57639E-17 -0.10555E-16 -0.16684E-17  0.61305E-17  0.99258E+00  0.55868E-01 -0.27317E-16  0.13106E-16 -0.55868E-01  0.99258E+00
