 input file is 
mstm.inp                      
 number of processors:
   1
 input parameters for run number 
    1
 number of spheres, volume size parameter:
    1  0.87630E+00
 position file:
                                                            
 output file:
test2.dat                                                   
 length, ref. indx. scale factors:
   1.000   1.000   1.000
 chiral factors:
  0.00000E+00  0.00000E+00
 scattering matrix directions based on incident frame
 automatic scattering angle calculation
 thetamin, thetamax:
      0.0     90.0
 phimin, phimax:
      0.0      0.0
 number scattering angles:
      901
 epsmie, epssoln, max number iterations:
  0.1000E-03  0.1000E-09 2000
 medium refractive index:
  1.0000  0.0000
 target euler rotation angles:
    0.0000    0.0000    0.0000
 far field kr, iterations/correction:
  0.1000E+09   20
 gaussian incident beam: 1/width:
   1.0000
 beam focal point:
    0.000    0.000    0.000
 fixed orientation calculations
 incident azimuth and polar angles:
     0.000     0.000
 common expansion epsilon:
  0.1000E-05
 scattering coefficients calculated 
 near field calculated, stored in file 
nf_default.dat                                              
 near field data output option: 
   0
 near field plane, position: 
   3    1.991
 near field plane vertices: 
   -2.000   -2.000    2.000    2.000
 spacial step size:
   0.0050
 polarization angle, deg.:
     0.00
 plane wave epsilon:
  0.00000E+00
 calculation results for run 
    1
 sphere host   ka     x-x(host) y-y(host) z-z(host)  Re(m)     Im(m)      Qext         Qsca        Qabs         Qabs(V)
    1    0    0.8763    0.0000    0.0000    1.9914  4.400000  0.000000  0.12503E+00  0.12503E+00  0.00000E+00  0.00000E+00
 unpolarized total ext, abs, scat efficiencies, w.r.t. xv, and asym. parm
  0.96009E-01  0.00000E+00  0.96009E-01 -0.15591E+00
 parallel total ext, abs, scat efficiencies
  0.96009E-01  0.00000E+00  0.96009E-01
 perpendicular total ext, abs, scat efficiencies
  0.96009E-01  0.00000E+00  0.96009E-01
 scattering matrix elements (normalized w/ S11)
   theta     phi      11           12           13           14           21           22           23           24           31           32           33           34           41           42           43           44     
    0.00    0.00  0.10971E+01  0.00000E+00  0.00000E+00  0.21360E-16  0.00000E+00  0.10000E+01  0.21721E-18 -0.00000E+00  0.00000E+00 -0.21721E-18  0.10000E+01  0.00000E+00  0.21360E-16 -0.00000E+00  0.00000E+00  0.10000E+01
    0.10    0.00  0.10971E+01 -0.17833E-05  0.96870E-17  0.73227E-17 -0.17833E-05  0.10000E+01 -0.58477E-17  0.57334E-17  0.96870E-17  0.58478E-17  0.10000E+01  0.10580E-05  0.73227E-17 -0.57334E-17 -0.10580E-05  0.10000E+01
    0.20    0.00  0.10971E+01 -0.71331E-05  0.29142E-16  0.81337E-17 -0.71331E-05  0.10000E+01 -0.13647E-17  0.16930E-17  0.29142E-16  0.13649E-17  0.10000E+01  0.42322E-05  0.81338E-17 -0.16930E-17 -0.42322E-05  0.10000E+01
    0.30    0.00  0.10971E+01 -0.16050E-04  0.57286E-17  0.36953E-16 -0.16050E-04  0.10000E+01 -0.19606E-16  0.12234E-17  0.57285E-17  0.19606E-16  0.10000E+01  0.95225E-05  0.36953E-16 -0.12241E-17 -0.95225E-05  0.10000E+01
    0.40    0.00  0.10971E+01 -0.28533E-04 -0.19048E-17  0.44967E-16 -0.28533E-04  0.10000E+01 -0.37998E-16 -0.15866E-16 -0.19045E-17  0.37998E-16  0.10000E+01  0.16929E-04  0.44967E-16  0.15864E-16 -0.16929E-04  0.10000E+01
    0.50    0.00  0.10970E+01 -0.44583E-04  0.31666E-16 -0.41672E-17 -0.44583E-04  0.10000E+01 -0.18435E-16  0.31555E-16  0.31667E-16  0.18436E-16  0.10000E+01  0.26452E-04 -0.41650E-17 -0.31555E-16 -0.26452E-04  0.10000E+01
    0.60    0.00  0.10970E+01 -0.64199E-04  0.39074E-16 -0.17815E-16 -0.64199E-04  0.10000E+01  0.82457E-17  0.17176E-16  0.39074E-16 -0.82438E-17  0.10000E+01  0.38091E-04 -0.17812E-16 -0.17174E-16 -0.38091E-04  0.10000E+01
    0.70    0.00  0.10970E+01 -0.87383E-04 -0.94530E-17 -0.91680E-17 -0.87383E-04  0.10000E+01 -0.22329E-17 -0.66059E-17 -0.94523E-17  0.22325E-17  0.10000E+01  0.51846E-04 -0.91691E-17  0.66065E-17 -0.51846E-04  0.10000E+01
    0.80    0.00  0.10970E+01 -0.11413E-03  0.87575E-17 -0.97797E-17 -0.11413E-03  0.10000E+01 -0.19443E-16  0.71095E-17  0.87604E-17  0.19443E-16  0.10000E+01  0.67719E-04 -0.97783E-17 -0.71097E-17 -0.67719E-04  0.10000E+01
    0.90    0.00  0.10969E+01 -0.14445E-03  0.37381E-16 -0.33968E-17 -0.14445E-03  0.10000E+01 -0.55039E-16 -0.40465E-16  0.37389E-16  0.55048E-16  0.10000E+01  0.85708E-04 -0.33994E-17  0.40461E-16 -0.85708E-04  0.10000E+01
    1.00    0.00  0.10969E+01 -0.17834E-03  0.35448E-16  0.37618E-16 -0.17834E-03  0.10000E+01  0.27046E-16 -0.24503E-16  0.35439E-16 -0.27037E-16  0.10000E+01  0.10581E-03  0.37618E-16  0.24499E-16 -0.10581E-03  0.10000E+01
    1.10    0.00  0.10968E+01 -0.21579E-03  0.51489E-17  0.23837E-16 -0.21579E-03  0.10000E+01 -0.27955E-16 -0.91767E-17  0.51519E-17  0.27957E-16  0.10000E+01  0.12804E-03  0.23836E-16  0.91680E-17 -0.12804E-03  0.10000E+01
    1.20    0.00  0.10968E+01 -0.25681E-03 -0.50300E-17  0.21823E-16 -0.25681E-03  0.10000E+01  0.45168E-17  0.13397E-16 -0.50345E-17 -0.45201E-17  0.10000E+01  0.15238E-03  0.21826E-16 -0.13402E-16 -0.15238E-03  0.10000E+01
    1.30    0.00  0.10967E+01 -0.30140E-03  0.48437E-16  0.38069E-16 -0.30140E-03  0.10000E+01  0.32084E-16 -0.18545E-16  0.48421E-16 -0.32066E-16  0.10000E+01  0.17884E-03  0.38072E-16  0.18539E-16 -0.17884E-03  0.10000E+01
    1.40    0.00  0.10967E+01 -0.34955E-03  0.44965E-16  0.10042E-16 -0.34955E-03  0.10000E+01  0.46278E-16 -0.12647E-16  0.44947E-16 -0.46260E-16  0.10000E+01  0.20741E-03  0.10047E-16  0.12653E-16 -0.20741E-03  0.10000E+01
    1.50    0.00  0.10966E+01 -0.40128E-03  0.11162E-16 -0.12651E-18 -0.40128E-03  0.10000E+01  0.11702E-16 -0.20218E-16  0.11157E-16 -0.11692E-16  0.10000E+01  0.23811E-03 -0.13197E-18  0.20221E-16 -0.23811E-03  0.10000E+01
    1.60    0.00  0.10966E+01 -0.45657E-03 -0.24921E-16  0.19295E-17 -0.45657E-03  0.10000E+01 -0.14621E-16 -0.38586E-16 -0.24915E-16  0.14621E-16  0.10000E+01  0.27092E-03  0.19052E-17  0.38581E-16 -0.27092E-03  0.10000E+01
    1.70    0.00  0.10965E+01 -0.51543E-03  0.72855E-17  0.16911E-16 -0.51543E-03  0.10000E+01  0.17602E-16  0.65964E-17  0.72713E-17 -0.17600E-16  0.10000E+01  0.30585E-03  0.16916E-16 -0.65997E-17 -0.30585E-03  0.10000E+01
    1.80    0.00  0.10964E+01 -0.57786E-03  0.99404E-17 -0.17432E-16 -0.57786E-03  0.10000E+01  0.20088E-16 -0.30534E-17  0.99347E-17 -0.20081E-16  0.10000E+01  0.34290E-03 -0.17430E-16  0.30704E-17 -0.34290E-03  0.10000E+01
    1.90    0.00  0.10964E+01 -0.64386E-03  0.29845E-16  0.51577E-17 -0.64386E-03  0.10000E+01  0.44868E-16 -0.39796E-16  0.29815E-16 -0.44833E-16  0.10000E+01  0.38207E-03  0.51435E-17  0.39810E-16 -0.38207E-03  0.10000E+01
    2.00    0.00  0.10963E+01 -0.71343E-03 -0.21092E-16 -0.27806E-16 -0.71343E-03  0.10000E+01  0.14441E-17 -0.19834E-16 -0.21082E-16 -0.14508E-17  0.10000E+01  0.42336E-03 -0.27829E-16  0.19855E-16 -0.42336E-03  0.10000E+01
    2.10    0.00  0.10962E+01 -0.78657E-03  0.24015E-16 -0.10504E-16 -0.78657E-03  0.10000E+01 -0.71191E-17  0.47916E-17  0.24026E-16  0.71357E-17  0.10000E+01  0.46677E-03 -0.10489E-16 -0.47867E-17 -0.46677E-03  0.10000E+01
    2.20    0.00  0.10961E+01 -0.86328E-03  0.27483E-16  0.18246E-16 -0.86328E-03  0.10000E+01  0.25642E-16 -0.65704E-16  0.27452E-16 -0.25584E-16  0.10000E+01  0.51230E-03  0.18203E-16  0.65702E-16 -0.51230E-03  0.10000E+01
    2.30    0.00  0.10960E+01 -0.94357E-03 -0.96597E-17  0.19213E-16 -0.94357E-03  0.10000E+01 -0.21461E-16 -0.13696E-16 -0.96502E-17  0.21460E-16  0.10000E+01  0.55995E-03  0.19194E-16  0.13666E-16 -0.55995E-03  0.10000E+01
    2.40    0.00  0.10959E+01 -0.10274E-02 -0.11841E-16 -0.14752E-16 -0.10274E-02  0.10000E+01 -0.60955E-16 -0.35500E-17 -0.11769E-16  0.60945E-16  0.10000E+01  0.60973E-03 -0.14763E-16  0.35280E-17 -0.60973E-03  0.10000E+01
    2.50    0.00  0.10958E+01 -0.11148E-02  0.14381E-16 -0.47118E-16 -0.11148E-02  0.10000E+01 -0.32978E-16 -0.40276E-16  0.14449E-16  0.33021E-16  0.10000E+01  0.66162E-03 -0.47153E-16  0.40306E-16 -0.66162E-03  0.10000E+01
    2.60    0.00  0.10957E+01 -0.12058E-02 -0.22507E-17  0.30222E-16 -0.12058E-02  0.10000E+01  0.89455E-16 -0.24009E-16 -0.23802E-17 -0.89440E-16  0.10000E+01  0.71564E-03  0.30191E-16  0.24037E-16 -0.71564E-03  0.10000E+01
    2.70    0.00  0.10956E+01 -0.13004E-02 -0.17353E-16 -0.25522E-17 -0.13004E-02  0.10000E+01 -0.50708E-16  0.35295E-16 -0.17286E-16  0.50658E-16  0.10000E+01  0.77179E-03 -0.25196E-17 -0.35331E-16 -0.77179E-03  0.10000E+01
    2.80    0.00  0.10955E+01 -0.13986E-02  0.95271E-17 -0.19951E-16 -0.13986E-02  0.10000E+01  0.87296E-17  0.24449E-16  0.95315E-17 -0.87366E-17  0.10000E+01  0.83005E-03 -0.19909E-16 -0.24414E-16 -0.83005E-03  0.10000E+01
    2.90    0.00  0.10954E+01 -0.15003E-02  0.33425E-16 -0.35841E-17 -0.15003E-02  0.10000E+01 -0.44065E-16 -0.19603E-16  0.33494E-16  0.44132E-16  0.10000E+01  0.89044E-03 -0.35837E-17  0.19569E-16 -0.89044E-03  0.10000E+01
    3.00    0.00  0.10953E+01 -0.16056E-02 -0.55451E-17 -0.65053E-17 -0.16056E-02  0.10000E+01 -0.93788E-17  0.18445E-16 -0.55238E-17  0.93523E-17  0.10000E+01  0.95296E-03 -0.64809E-17 -0.18443E-16 -0.95296E-03  0.10000E+01
    3.10    0.00  0.10952E+01 -0.17144E-02  0.23238E-16  0.93614E-17 -0.17144E-02  0.10000E+01 -0.16588E-16  0.62489E-17  0.23256E-16  0.16622E-16  0.10000E+01  0.10176E-02  0.93958E-17 -0.62818E-17 -0.10176E-02  0.10000E+01
    3.20    0.00  0.10950E+01 -0.18269E-02  0.25178E-16  0.53337E-16 -0.18269E-02  0.10000E+01  0.19194E-16 -0.16404E-16  0.25085E-16 -0.19130E-16  0.10000E+01  0.10844E-02  0.53334E-16  0.16328E-16 -0.10844E-02  0.10000E+01
    3.30    0.00  0.10949E+01 -0.19429E-02  0.46287E-16  0.53706E-16 -0.19429E-02  0.10000E+01  0.48087E-16 -0.14923E-16  0.46131E-16 -0.47980E-16  0.10000E+01  0.11533E-02  0.53730E-16  0.14874E-16 -0.11533E-02  0.10000E+01
    3.40    0.00  0.10948E+01 -0.20625E-02  0.67491E-17 -0.26701E-16 -0.20625E-02  0.10000E+01  0.10741E-16  0.26126E-16  0.67596E-17 -0.10759E-16  0.10000E+01  0.12243E-02 -0.26639E-16 -0.26058E-16 -0.12243E-02  0.10000E+01
    3.50    0.00  0.10946E+01 -0.21856E-02  0.68163E-18  0.17901E-16 -0.21856E-02  0.10000E+01  0.53738E-17 -0.16474E-16  0.64670E-18 -0.53510E-17  0.10000E+01  0.12974E-02  0.17866E-16  0.16442E-16 -0.12974E-02  0.10000E+01
    3.60    0.00  0.10945E+01 -0.23124E-02  0.57793E-16 -0.61218E-16 -0.23124E-02  0.10000E+01 -0.44273E-17 -0.15357E-16  0.57887E-16  0.45822E-17  0.10000E+01  0.13727E-02 -0.61174E-16  0.15492E-16 -0.13727E-02  0.10000E+01
    3.70    0.00  0.10944E+01 -0.24427E-02  0.22532E-17  0.26545E-17 -0.24427E-02  0.10000E+01  0.15191E-16  0.85323E-18  0.22122E-17 -0.15187E-16  0.10000E+01  0.14501E-02  0.26598E-17 -0.83770E-18 -0.14501E-02  0.10000E+01
    3.80    0.00  0.10942E+01 -0.25766E-02  0.38883E-16 -0.90789E-17 -0.25766E-02  0.10000E+01  0.73025E-16 -0.36162E-16  0.38709E-16 -0.72870E-16  0.10000E+01  0.15297E-02 -0.91129E-17  0.36297E-16 -0.15297E-02  0.10000E+01
    3.90    0.00  0.10941E+01 -0.27141E-02  0.42089E-16 -0.81932E-17 -0.27141E-02  0.10000E+01 -0.33900E-16 -0.13264E-16  0.42195E-16  0.34035E-16  0.10000E+01  0.16113E-02 -0.81612E-17  0.13231E-16 -0.16113E-02  0.10000E+01
    4.00    0.00  0.10939E+01 -0.28552E-02 -0.89089E-17 -0.59623E-17 -0.28552E-02  0.10000E+01  0.18985E-16 -0.36386E-16 -0.89528E-17 -0.18949E-16  0.99999E+00  0.16951E-02 -0.60814E-17  0.36435E-16 -0.16951E-02  0.99999E+00
    4.10    0.00  0.10937E+01 -0.29998E-02 -0.41249E-16  0.48642E-16 -0.29998E-02  0.10000E+01  0.17041E-16  0.28786E-16 -0.41387E-16 -0.17216E-16  0.99999E+00  0.17811E-02  0.48655E-16 -0.28901E-16 -0.17811E-02  0.99999E+00
    4.20    0.00  0.10936E+01 -0.31480E-02  0.19860E-17  0.72166E-17 -0.31480E-02  0.10000E+01 -0.12749E-16 -0.16268E-16  0.20127E-17  0.12786E-16  0.99999E+00  0.18691E-02  0.71692E-17  0.16221E-16 -0.18691E-02  0.99999E+00
    4.30    0.00  0.10934E+01 -0.32998E-02 -0.12174E-16  0.11034E-16 -0.32998E-02  0.10000E+01 -0.20054E-16 -0.16460E-16 -0.12129E-16  0.20046E-16  0.99999E+00  0.19593E-02  0.10956E-16  0.16384E-16 -0.19593E-02  0.99999E+00
    4.40    0.00  0.10932E+01 -0.34552E-02  0.11607E-16  0.21196E-16 -0.34552E-02  0.10000E+01 -0.18276E-16 -0.16196E-16  0.11627E-16  0.18349E-16  0.99999E+00  0.20517E-02  0.21164E-16  0.16085E-16 -0.20517E-02  0.99999E+00
    4.50    0.00  0.10931E+01 -0.36142E-02 -0.81814E-17  0.82652E-17 -0.36142E-02  0.10000E+01 -0.29492E-16  0.69194E-18 -0.80926E-17  0.29461E-16  0.99999E+00  0.21462E-02  0.82504E-17 -0.78505E-18 -0.21462E-02  0.99999E+00
    4.60    0.00  0.10929E+01 -0.37768E-02  0.46715E-16 -0.66850E-18 -0.37768E-02  0.10000E+01 -0.21462E-16  0.42445E-17  0.46797E-16  0.21629E-16  0.99999E+00  0.22428E-02 -0.54752E-18 -0.42906E-17 -0.22428E-02  0.99999E+00
    4.70    0.00  0.10927E+01 -0.39429E-02 -0.31932E-16 -0.11843E-17 -0.39429E-02  0.10000E+01 -0.16698E-16 -0.35084E-16 -0.31863E-16  0.16655E-16  0.99999E+00  0.23415E-02 -0.13973E-17  0.35050E-16 -0.23415E-02  0.99999E+00
    4.80    0.00  0.10925E+01 -0.41126E-02  0.68088E-16  0.48462E-16 -0.41126E-02  0.10000E+01  0.25013E-16 -0.99590E-17  0.67867E-16 -0.24709E-16  0.99999E+00  0.24424E-02  0.48587E-16  0.98202E-17 -0.24424E-02  0.99999E+00
    4.90    0.00  0.10923E+01 -0.42860E-02 -0.35140E-16  0.17904E-16 -0.42860E-02  0.10000E+01 -0.32803E-16 -0.22735E-16 -0.35045E-16  0.32710E-16  0.99999E+00  0.25455E-02  0.17718E-16  0.22575E-16 -0.25455E-02  0.99999E+00
    5.00    0.00  0.10921E+01 -0.44629E-02  0.41081E-19 -0.13242E-16 -0.44629E-02  0.10000E+01  0.14959E-16  0.74432E-17  0.93327E-20 -0.14979E-16  0.99999E+00  0.26506E-02 -0.13209E-16 -0.73445E-17 -0.26506E-02  0.99999E+00
    5.10    0.00  0.10919E+01 -0.46434E-02  0.19940E-16 -0.23672E-16 -0.46434E-02  0.10000E+01 -0.38804E-16 -0.32465E-16  0.20186E-16  0.38987E-16  0.99999E+00  0.27579E-02 -0.23768E-16  0.32468E-16 -0.27579E-02  0.99999E+00
    5.20    0.00  0.10917E+01 -0.48274E-02 -0.17938E-16  0.19541E-16 -0.48274E-02  0.10000E+01 -0.24231E-16 -0.37593E-16 -0.17877E-16  0.24252E-16  0.99998E+00  0.28674E-02  0.19308E-16  0.37430E-16 -0.28674E-02  0.99998E+00
    5.30    0.00  0.10915E+01 -0.50151E-02  0.25002E-16  0.35563E-16 -0.50151E-02  0.10000E+01  0.42646E-16 -0.50039E-16  0.24683E-16 -0.42372E-16  0.99998E+00  0.29790E-02  0.35387E-16  0.49988E-16 -0.29790E-02  0.99998E+00
    5.40    0.00  0.10913E+01 -0.52064E-02  0.33918E-16  0.16444E-16 -0.52064E-02  0.10000E+01  0.26729E-16 -0.49859E-16  0.33729E-16 -0.26399E-16  0.99998E+00  0.30928E-02  0.16289E-16  0.49856E-16 -0.30928E-02  0.99998E+00
    5.50    0.00  0.10911E+01 -0.54012E-02  0.72974E-17  0.46976E-16 -0.54012E-02  0.10000E+01 -0.38281E-16 -0.12931E-16  0.73537E-17  0.38361E-16  0.99998E+00  0.32087E-02  0.46930E-16  0.12555E-16 -0.32087E-02  0.99998E+00
    5.60    0.00  0.10909E+01 -0.55997E-02 -0.56538E-17 -0.26255E-16 -0.55997E-02  0.10000E+01 -0.56116E-17 -0.13184E-17 -0.55350E-17  0.55849E-17  0.99998E+00  0.33267E-02 -0.26281E-16  0.14468E-17 -0.33267E-02  0.99998E+00
    5.70    0.00  0.10906E+01 -0.58017E-02 -0.48033E-16  0.57523E-16 -0.58017E-02  0.10000E+01 -0.72379E-17  0.72430E-17 -0.48190E-16  0.69332E-17  0.99998E+00  0.34469E-02  0.57401E-16 -0.76009E-17 -0.34469E-02  0.99998E+00
    5.80    0.00  0.10904E+01 -0.60074E-02  0.21596E-16  0.18317E-16 -0.60074E-02  0.10000E+01  0.41977E-16 -0.42013E-16  0.21279E-16 -0.41698E-16  0.99998E+00  0.35692E-02  0.18141E-16  0.42053E-16 -0.35692E-02  0.99998E+00
    5.90    0.00  0.10902E+01 -0.62166E-02  0.64822E-16 -0.11089E-16 -0.62166E-02  0.10000E+01  0.72018E-16 -0.10203E-16  0.64416E-16 -0.71578E-16  0.99997E+00  0.36937E-02 -0.10915E-16  0.10537E-16 -0.36937E-02  0.99997E+00
    6.00    0.00  0.10899E+01 -0.64295E-02 -0.34754E-16 -0.17491E-17 -0.64295E-02  0.10000E+01 -0.71123E-16  0.35399E-16 -0.34291E-16  0.70765E-16  0.99997E+00  0.38204E-02 -0.16526E-17 -0.35660E-16 -0.38204E-02  0.99997E+00
    6.10    0.00  0.10897E+01 -0.66459E-02 -0.35416E-16  0.65825E-16 -0.66459E-02  0.10000E+01  0.23316E-16  0.27387E-16 -0.35832E-16 -0.23662E-16  0.99997E+00  0.39492E-02  0.65868E-16 -0.27731E-16 -0.39492E-02  0.99997E+00
    6.20    0.00  0.10895E+01 -0.68659E-02  0.27715E-16 -0.22361E-16 -0.68659E-02  0.10000E+01 -0.26383E-16 -0.45223E-16  0.27989E-16  0.26759E-16  0.99997E+00  0.40801E-02 -0.22558E-16  0.45269E-16 -0.40801E-02  0.99997E+00
    6.30    0.00  0.10892E+01 -0.70896E-02 -0.40712E-16 -0.58480E-17 -0.70896E-02  0.10000E+01 -0.37226E-16  0.40016E-16 -0.40425E-16  0.36770E-16  0.99997E+00  0.42132E-02 -0.57348E-17 -0.40131E-16 -0.42132E-02  0.99997E+00
    6.40    0.00  0.10890E+01 -0.73168E-02  0.53579E-16 -0.34893E-16 -0.73168E-02  0.10000E+01 -0.35933E-16 -0.95754E-17  0.53995E-16  0.36368E-16  0.99996E+00  0.43485E-02 -0.34730E-16  0.96729E-17 -0.43485E-02  0.99996E+00
    6.50    0.00  0.10887E+01 -0.75477E-02  0.11993E-16 -0.44300E-16 -0.75477E-02  0.10000E+01 -0.30679E-16 -0.38523E-16  0.12425E-16  0.30944E-16  0.99996E+00  0.44859E-02 -0.44537E-16  0.38721E-16 -0.44859E-02  0.99996E+00
    6.60    0.00  0.10884E+01 -0.77821E-02  0.56560E-17 -0.22618E-16 -0.77821E-02  0.10000E+01  0.17336E-16  0.23488E-16  0.56250E-17 -0.17400E-16  0.99996E+00  0.46255E-02 -0.22410E-16 -0.23232E-16 -0.46255E-02  0.99996E+00
    6.70    0.00  0.10882E+01 -0.80202E-02  0.37230E-16  0.12708E-17 -0.80202E-02  0.10000E+01 -0.61744E-16 -0.31428E-16  0.37721E-16  0.62194E-16  0.99996E+00  0.47673E-02  0.11986E-17  0.31122E-16 -0.47673E-02  0.99996E+00
    6.80    0.00  0.10879E+01 -0.82618E-02  0.12697E-16  0.29477E-16 -0.82618E-02  0.10000E+01 -0.70993E-17  0.16565E-16  0.12610E-16  0.71218E-17  0.99995E+00  0.49112E-02  0.29677E-16 -0.16845E-16 -0.49112E-02  0.99995E+00
    6.90    0.00  0.10876E+01 -0.85071E-02  0.92470E-17  0.39847E-17 -0.85071E-02  0.10000E+01 -0.14772E-16  0.38633E-16  0.93511E-17  0.14656E-16  0.99995E+00  0.50573E-02  0.43608E-17 -0.38743E-16 -0.50573E-02  0.99995E+00
    7.00    0.00  0.10874E+01 -0.87560E-02 -0.98879E-17 -0.29128E-16 -0.87560E-02  0.10000E+01 -0.34689E-17  0.48788E-16 -0.97084E-17  0.31298E-17  0.99995E+00  0.52055E-02 -0.28753E-16 -0.48551E-16 -0.52055E-02  0.99995E+00
    7.10    0.00  0.10871E+01 -0.90085E-02  0.10814E-16  0.50528E-16 -0.90085E-02  0.10000E+01 -0.64234E-17  0.75455E-17  0.10601E-16  0.64782E-17  0.99995E+00  0.53559E-02  0.50656E-16 -0.80358E-17 -0.53559E-02  0.99995E+00
    7.20    0.00  0.10868E+01 -0.92646E-02  0.31748E-16  0.24696E-16 -0.92646E-02  0.10000E+01 -0.14832E-16  0.11983E-16  0.31750E-16  0.15059E-16  0.99994E+00  0.55085E-02  0.24983E-16 -0.12296E-16 -0.55085E-02  0.99994E+00
    7.30    0.00  0.10865E+01 -0.95243E-02  0.54648E-17  0.22388E-16 -0.95243E-02  0.10000E+01 -0.45246E-16  0.11398E-16  0.57684E-17  0.45233E-16  0.99994E+00  0.56633E-02  0.22531E-16 -0.11868E-16 -0.56633E-02  0.99994E+00
    7.40    0.00  0.10862E+01 -0.97876E-02  0.82826E-17 -0.20736E-16 -0.97876E-02  0.10000E+01  0.47157E-17 -0.11310E-16  0.83581E-17 -0.45678E-17  0.99994E+00  0.58202E-02 -0.20800E-16  0.11541E-16 -0.58202E-02  0.99994E+00
    7.50    0.00  0.10859E+01 -0.10055E-01  0.42757E-16 -0.71898E-17 -0.10055E-01  0.10000E+01  0.42428E-16 -0.32485E-16  0.42376E-16 -0.41804E-16  0.99993E+00  0.59793E-02 -0.72635E-17  0.32810E-16 -0.59793E-02  0.99993E+00
    7.60    0.00  0.10857E+01 -0.10325E-01  0.22901E-16  0.41083E-16 -0.10325E-01  0.10000E+01 -0.16280E-16  0.79943E-17  0.22817E-16  0.16465E-16  0.99993E+00  0.61405E-02  0.41309E-16 -0.85202E-17 -0.61405E-02  0.99993E+00
    7.70    0.00  0.10854E+01 -0.10599E-01 -0.40327E-16  0.68545E-17 -0.10599E-01  0.10000E+01  0.17345E-16  0.25214E-16 -0.40557E-16 -0.17933E-16  0.99992E+00  0.63040E-02  0.68666E-17 -0.25176E-16 -0.63040E-02  0.99992E+00
    7.80    0.00  0.10850E+01 -0.10877E-01  0.25082E-16 -0.38411E-17 -0.10877E-01  0.10000E+01  0.12322E-16  0.12342E-16  0.24973E-16 -0.12129E-16  0.99992E+00  0.64696E-02 -0.35456E-17 -0.12222E-16 -0.64696E-02  0.99992E+00
    7.90    0.00  0.10847E+01 -0.11158E-01 -0.31221E-16  0.52594E-16 -0.11158E-01  0.10000E+01  0.40586E-16  0.31738E-16 -0.32027E-16 -0.41151E-16  0.99992E+00  0.66374E-02  0.52740E-16 -0.32054E-16 -0.66374E-02  0.99992E+00
    8.00    0.00  0.10844E+01 -0.11444E-01 -0.51230E-16 -0.57011E-17 -0.11444E-01  0.10000E+01  0.41757E-16  0.11925E-16 -0.51672E-16 -0.42426E-16  0.99991E+00  0.68074E-02 -0.59169E-17 -0.11572E-16 -0.68074E-02  0.99991E+00
    8.10    0.00  0.10841E+01 -0.11732E-01 -0.14825E-17  0.33045E-16 -0.11732E-01  0.10000E+01  0.99053E-17 -0.19649E-17 -0.18293E-17 -0.99121E-17  0.99991E+00  0.69795E-02  0.33012E-16  0.16465E-17 -0.69795E-02  0.99991E+00
    8.20    0.00  0.10838E+01 -0.12024E-01 -0.10880E-16  0.10816E-17 -0.12024E-01  0.10000E+01  0.30007E-17 -0.19955E-16 -0.10922E-16 -0.29890E-17  0.99990E+00  0.71539E-02  0.76358E-18  0.19966E-16 -0.71539E-02  0.99990E+00
    8.30    0.00  0.10835E+01 -0.12320E-01 -0.67946E-16 -0.46406E-16 -0.12320E-01  0.10000E+01 -0.76088E-17  0.66600E-17 -0.67516E-16  0.67273E-17  0.99990E+00  0.73304E-02 -0.46823E-16 -0.61382E-17 -0.73304E-02  0.99990E+00
    8.40    0.00  0.10831E+01 -0.12620E-01 -0.10793E-16  0.23044E-16 -0.12620E-01  0.10000E+01  0.28810E-16 -0.44182E-16 -0.11326E-16 -0.28618E-16  0.99989E+00  0.75091E-02  0.22404E-16  0.44111E-16 -0.75091E-02  0.99989E+00
    8.50    0.00  0.10828E+01 -0.12923E-01 -0.90153E-17 -0.23649E-17 -0.12923E-01  0.10000E+01 -0.11457E-16 -0.32861E-16 -0.88463E-17  0.11594E-16  0.99989E+00  0.76901E-02 -0.28579E-17  0.32806E-16 -0.76901E-02  0.99989E+00
    8.60    0.00  0.10825E+01 -0.13230E-01 -0.15108E-16 -0.23371E-18 -0.13230E-01  0.10000E+01 -0.39347E-16  0.37708E-16 -0.14591E-16  0.38852E-16  0.99988E+00  0.78732E-02  0.15030E-18 -0.38015E-16 -0.78732E-02  0.99988E+00
    8.70    0.00  0.10821E+01 -0.13540E-01  0.32400E-17 -0.17213E-16 -0.13540E-01  0.10000E+01 -0.30136E-16 -0.49440E-16  0.37924E-17  0.30582E-16  0.99988E+00  0.80584E-02 -0.17854E-16  0.49433E-16 -0.80584E-02  0.99988E+00
    8.80    0.00  0.10818E+01 -0.13854E-01  0.33109E-18 -0.40552E-17 -0.13854E-01  0.10000E+01  0.67016E-17  0.23917E-17  0.27143E-18 -0.67167E-17  0.99987E+00  0.82459E-02 -0.40204E-17 -0.22804E-17 -0.82459E-02  0.99987E+00
    8.90    0.00  0.10815E+01 -0.14172E-01 -0.83049E-17  0.42765E-17 -0.14172E-01  0.10000E+01  0.21865E-17  0.95701E-17 -0.83737E-17 -0.23856E-17  0.99986E+00  0.84356E-02  0.43421E-17 -0.96118E-17 -0.84356E-02  0.99986E+00
    9.00    0.00  0.10811E+01 -0.14493E-01  0.28753E-16  0.40561E-16 -0.14493E-01  0.10000E+01  0.43465E-17 -0.53457E-16  0.28349E-16 -0.34739E-17  0.99986E+00  0.86275E-02  0.40037E-16  0.52906E-16 -0.86275E-02  0.99986E+00
    9.10    0.00  0.10808E+01 -0.14818E-01 -0.14155E-16 -0.31816E-16 -0.14818E-01  0.10000E+01  0.31363E-16  0.43730E-17 -0.14341E-16 -0.31609E-16  0.99985E+00  0.88216E-02 -0.31882E-16 -0.36233E-17 -0.88216E-02  0.99985E+00
    9.20    0.00  0.10804E+01 -0.15147E-01  0.27093E-16 -0.13177E-16 -0.15147E-01  0.10000E+01 -0.96192E-17  0.18723E-16  0.27358E-16  0.98632E-17  0.99984E+00  0.90179E-02 -0.12649E-16 -0.18615E-16 -0.90179E-02  0.99984E+00
    9.30    0.00  0.10800E+01 -0.15479E-01  0.73241E-16  0.11598E-16 -0.15479E-01  0.10000E+01 -0.14983E-16 -0.60334E-16  0.73380E-16  0.16673E-16  0.99984E+00  0.92163E-02  0.11342E-16  0.60011E-16 -0.92163E-02  0.99984E+00
    9.40    0.00  0.10797E+01 -0.15815E-01 -0.50113E-16  0.69627E-16 -0.15815E-01  0.10000E+01  0.11178E-16  0.28788E-16 -0.50954E-16 -0.12253E-16  0.99983E+00  0.94170E-02  0.69614E-16 -0.29779E-16 -0.94170E-02  0.99983E+00
    9.50    0.00  0.10793E+01 -0.16155E-01 -0.21506E-16  0.23103E-16 -0.16155E-01  0.10000E+01  0.87660E-16 -0.31969E-17 -0.23146E-16 -0.87988E-16  0.99982E+00  0.96199E-02  0.22833E-16  0.36707E-17 -0.96199E-02  0.99982E+00
    9.60    0.00  0.10789E+01 -0.16498E-01  0.52114E-16 -0.22945E-16 -0.16498E-01  0.10000E+01 -0.30251E-16 -0.82900E-17  0.52844E-16  0.31199E-16  0.99982E+00  0.98250E-02 -0.22567E-16  0.83636E-17 -0.98250E-02  0.99982E+00
    9.70    0.00  0.10786E+01 -0.16845E-01 -0.10686E-16 -0.40895E-16 -0.16845E-01  0.10000E+01 -0.11101E-16  0.40762E-16 -0.10096E-16  0.10520E-16  0.99981E+00  0.10032E-01 -0.40318E-16 -0.40187E-16 -0.10032E-01  0.99981E+00
    9.80    0.00  0.10782E+01 -0.17195E-01 -0.14749E-16  0.25730E-16 -0.17195E-01  0.10000E+01 -0.20600E-16 -0.29014E-16 -0.14655E-16  0.20641E-16  0.99980E+00  0.10242E-01  0.25086E-16  0.28365E-16 -0.10242E-01  0.99980E+00
    9.90    0.00  0.10778E+01 -0.17549E-01 -0.20764E-16 -0.13863E-16 -0.17549E-01  0.10000E+01  0.16680E-17 -0.56910E-16 -0.20640E-16 -0.14349E-17  0.99979E+00  0.10454E-01 -0.15081E-16  0.57180E-16 -0.10454E-01  0.99979E+00
   10.00    0.00  0.10774E+01 -0.17907E-01 -0.73042E-17  0.12705E-16 -0.17907E-01  0.10000E+01 -0.75609E-18  0.16947E-16 -0.74302E-17  0.44209E-18  0.99978E+00  0.10668E-01  0.12932E-16 -0.17183E-16 -0.10668E-01  0.99978E+00
   10.10    0.00  0.10770E+01 -0.18269E-01 -0.10075E-16  0.11922E-16 -0.18269E-01  0.10000E+01 -0.34978E-17  0.17808E-16 -0.10145E-16  0.31178E-17  0.99977E+00  0.10884E-01  0.12139E-16 -0.18064E-16 -0.10884E-01  0.99977E+00
   10.20    0.00  0.10766E+01 -0.18634E-01 -0.16937E-17  0.18131E-17 -0.18634E-01  0.10000E+01 -0.58502E-17  0.14629E-16 -0.16080E-17  0.56564E-17  0.99976E+00  0.11102E-01  0.20683E-17 -0.14729E-16 -0.11102E-01  0.99976E+00
   10.30    0.00  0.10763E+01 -0.19003E-01  0.79670E-17  0.22508E-16 -0.19003E-01  0.10000E+01  0.79427E-16  0.27599E-16  0.61976E-17 -0.79602E-16  0.99976E+00  0.11323E-01  0.23108E-16 -0.27132E-16 -0.11323E-01  0.99976E+00
   10.40    0.00  0.10759E+01 -0.19375E-01  0.11797E-17  0.18035E-16 -0.19375E-01  0.10000E+01 -0.98161E-17  0.31825E-16  0.11547E-17  0.94685E-17  0.99975E+00  0.11546E-01  0.18670E-16 -0.32292E-16 -0.11546E-01  0.99975E+00
   10.50    0.00  0.10754E+01 -0.19751E-01  0.68144E-17  0.61972E-17 -0.19751E-01  0.10000E+01 -0.14337E-16  0.26306E-16  0.70193E-17  0.14163E-16  0.99974E+00  0.11771E-01  0.68011E-17 -0.26602E-16 -0.11771E-01  0.99974E+00
   10.60    0.00  0.10750E+01 -0.20131E-01 -0.24104E-17 -0.53684E-16 -0.20131E-01  0.10000E+01  0.87246E-17  0.44831E-17 -0.19431E-17 -0.88151E-17  0.99973E+00  0.11998E-01 -0.53632E-16 -0.32975E-17 -0.11998E-01  0.99973E+00
   10.70    0.00  0.10746E+01 -0.20514E-01 -0.37233E-17  0.51562E-16 -0.20514E-01  0.10000E+01  0.25501E-16  0.20731E-16 -0.48830E-17 -0.25847E-16  0.99971E+00  0.12227E-01  0.51942E-16 -0.21479E-16 -0.12227E-01  0.99971E+00
   10.80    0.00  0.10742E+01 -0.20901E-01 -0.30157E-17  0.32842E-16 -0.20901E-01  0.10000E+01 -0.41222E-16 -0.14876E-16 -0.25599E-17  0.41342E-16  0.99970E+00  0.12459E-01  0.32509E-16  0.13679E-16 -0.12459E-01  0.99970E+00
   10.90    0.00  0.10738E+01 -0.21292E-01  0.64263E-16  0.47086E-17 -0.21292E-01  0.10000E+01  0.64820E-16 -0.18610E-17  0.62833E-16 -0.63439E-16  0.99969E+00  0.12693E-01  0.54682E-17  0.25668E-17 -0.12693E-01  0.99969E+00
   11.00    0.00  0.10734E+01 -0.21687E-01 -0.28153E-16  0.37340E-16 -0.21687E-01  0.10000E+01  0.14647E-16  0.40139E-16 -0.28969E-16 -0.15790E-16  0.99968E+00  0.12929E-01  0.37848E-16 -0.40757E-16 -0.12929E-01  0.99968E+00
   11.10    0.00  0.10730E+01 -0.22085E-01  0.22447E-16 -0.14740E-16 -0.22085E-01  0.10000E+01 -0.29349E-16 -0.20199E-16  0.23299E-16  0.30120E-16  0.99967E+00  0.13168E-01 -0.14884E-16  0.20134E-16 -0.13168E-01  0.99967E+00
   11.20    0.00  0.10725E+01 -0.22487E-01 -0.71285E-17 -0.20016E-16 -0.22487E-01  0.10000E+01  0.15858E-16 -0.16321E-16 -0.72128E-17 -0.15796E-16  0.99966E+00  0.13409E-01 -0.20487E-16  0.16988E-16 -0.13409E-01  0.99966E+00
   11.30    0.00  0.10721E+01 -0.22892E-01  0.24225E-16 -0.29731E-16 -0.22892E-01  0.10000E+01 -0.23424E-16 -0.56940E-16  0.25190E-16  0.24769E-16  0.99964E+00  0.13652E-01 -0.30701E-16  0.57303E-16 -0.13652E-01  0.99964E+00
   11.40    0.00  0.10717E+01 -0.23301E-01  0.30120E-17 -0.28220E-16 -0.23301E-01  0.10000E+01  0.14553E-16 -0.13498E-16  0.30702E-17 -0.14288E-16  0.99963E+00  0.13897E-01 -0.28502E-16  0.14360E-16 -0.13897E-01  0.99963E+00
   11.50    0.00  0.10712E+01 -0.23714E-01 -0.46918E-16  0.53699E-16 -0.23714E-01  0.10000E+01  0.42161E-16  0.37326E-17 -0.48688E-16 -0.43352E-16  0.99962E+00  0.14144E-01  0.53119E-16 -0.43945E-17 -0.14144E-01  0.99962E+00
   11.60    0.00  0.10708E+01 -0.24130E-01 -0.42818E-17  0.39112E-17 -0.24130E-01  0.10000E+01 -0.56842E-17 -0.72059E-17 -0.41993E-17  0.56843E-17  0.99961E+00  0.14394E-01  0.36783E-17  0.70325E-17 -0.14394E-01  0.99961E+00
   11.70    0.00  0.10703E+01 -0.24551E-01  0.25082E-16  0.16578E-16 -0.24551E-01  0.10000E+01  0.51165E-16 -0.50690E-16  0.23605E-16 -0.49822E-16  0.99959E+00  0.14646E-01  0.15685E-16  0.51033E-16 -0.14646E-01  0.99959E+00
   11.80    0.00  0.10699E+01 -0.24975E-01 -0.40674E-17  0.27236E-16 -0.24975E-01  0.10000E+01  0.24089E-18 -0.26596E-16 -0.44704E-17  0.43839E-19  0.99958E+00  0.14900E-01  0.26516E-16  0.25926E-16 -0.14900E-01  0.99958E+00
   11.90    0.00  0.10694E+01 -0.25402E-01 -0.55731E-17 -0.53211E-18 -0.25402E-01  0.10000E+01  0.53618E-17  0.64826E-17 -0.57049E-17 -0.56026E-17  0.99956E+00  0.15156E-01 -0.45410E-18 -0.63869E-17 -0.15156E-01  0.99956E+00
   12.00    0.00  0.10690E+01 -0.25833E-01 -0.66967E-17 -0.13599E-16 -0.25833E-01  0.10000E+01 -0.42829E-17  0.15320E-16 -0.63838E-17  0.38799E-17  0.99955E+00  0.15415E-01 -0.13308E-16 -0.15036E-16 -0.15415E-01  0.99955E+00
   12.10    0.00  0.10685E+01 -0.26268E-01  0.89493E-16 -0.34715E-16 -0.26268E-01  0.10000E+01  0.35593E-17 -0.23992E-16  0.89974E-16 -0.81804E-18  0.99953E+00  0.15676E-01 -0.33951E-16  0.24929E-16 -0.15676E-01  0.99953E+00
   12.20    0.00  0.10681E+01 -0.26707E-01  0.23805E-16 -0.29591E-17 -0.26707E-01  0.10000E+01  0.56550E-16 -0.21844E-16  0.22357E-16 -0.55578E-16  0.99952E+00  0.15939E-01 -0.31877E-17  0.22820E-16 -0.15939E-01  0.99952E+00
   12.30    0.00  0.10676E+01 -0.27149E-01  0.27729E-17 -0.28407E-16 -0.27149E-01  0.10000E+01  0.11262E-16 -0.19543E-16  0.29370E-17 -0.10860E-16  0.99950E+00  0.16205E-01 -0.28904E-16  0.20500E-16 -0.16205E-01  0.99950E+00
   12.40    0.00  0.10671E+01 -0.27595E-01 -0.36856E-16 -0.38565E-16 -0.27595E-01  0.10000E+01 -0.34392E-16  0.36853E-16 -0.35297E-16  0.32793E-16  0.99948E+00  0.16473E-01 -0.38149E-16 -0.36347E-16 -0.16473E-01  0.99948E+00
   12.50    0.00  0.10666E+01 -0.28045E-01  0.10784E-16  0.52787E-17 -0.28045E-01  0.10000E+01 -0.51749E-17 -0.13911E-16  0.10850E-16  0.57093E-17  0.99947E+00  0.16743E-01  0.50729E-17  0.13675E-16 -0.16743E-01  0.99947E+00
   12.60    0.00  0.10662E+01 -0.28499E-01  0.11007E-17  0.12206E-16 -0.28499E-01  0.10000E+01 -0.80528E-17 -0.17572E-16  0.11312E-17  0.83796E-17  0.99945E+00  0.17015E-01  0.11731E-16  0.17091E-16 -0.17015E-01  0.99945E+00
   12.70    0.00  0.10657E+01 -0.28956E-01 -0.26043E-16 -0.36301E-16 -0.28956E-01  0.10000E+01 -0.28017E-16  0.41455E-16 -0.24631E-16  0.26571E-16  0.99943E+00  0.17290E-01 -0.35547E-16 -0.40887E-16 -0.17290E-01  0.99943E+00
   12.80    0.00  0.10652E+01 -0.29417E-01 -0.11565E-16  0.17325E-16 -0.29417E-01  0.10000E+01 -0.17030E-16 -0.22519E-16 -0.11360E-16  0.17082E-16  0.99941E+00  0.17566E-01  0.16472E-16  0.21722E-16 -0.17566E-01  0.99941E+00
   12.90    0.00  0.10647E+01 -0.29881E-01  0.99071E-18 -0.16453E-17 -0.29881E-01  0.10000E+01 -0.16749E-16 -0.14926E-16  0.15290E-17  0.17051E-16  0.99939E+00  0.17846E-01 -0.20653E-17  0.14680E-16 -0.17846E-01  0.99939E+00
   13.00    0.00  0.10642E+01 -0.30350E-01  0.28874E-16  0.22303E-16 -0.30350E-01  0.10000E+01 -0.87011E-17  0.77138E-18  0.28742E-16  0.95540E-17  0.99937E+00  0.18127E-01  0.22862E-16 -0.16225E-17 -0.18127E-01  0.99937E+00
   13.10    0.00  0.10637E+01 -0.30822E-01 -0.39529E-18  0.14063E-16 -0.30822E-01  0.10000E+01  0.20932E-16  0.18981E-17 -0.13010E-17 -0.20993E-16  0.99936E+00  0.18411E-01  0.14107E-16 -0.19463E-17 -0.18411E-01  0.99936E+00
   13.20    0.00  0.10632E+01 -0.31297E-01  0.10760E-16  0.18061E-16 -0.31297E-01  0.10000E+01 -0.70491E-17  0.23547E-16  0.10633E-16  0.69369E-17  0.99934E+00  0.18697E-01  0.19009E-16 -0.24258E-16 -0.18697E-01  0.99934E+00
   13.30    0.00  0.10627E+01 -0.31777E-01  0.31489E-16 -0.23438E-16 -0.31777E-01  0.10000E+01  0.18179E-16  0.20350E-16  0.31355E-16 -0.17557E-16  0.99931E+00  0.18985E-01 -0.22211E-16 -0.19285E-16 -0.18985E-01  0.99931E+00
   13.40    0.00  0.10622E+01 -0.32260E-01  0.19604E-18  0.15009E-16 -0.32260E-01  0.10000E+01  0.35572E-16  0.67658E-16 -0.12836E-17 -0.36892E-16  0.99929E+00  0.19275E-01  0.17179E-16 -0.67479E-16 -0.19275E-01  0.99929E+00
   13.50    0.00  0.10617E+01 -0.32747E-01 -0.28853E-16 -0.53740E-16 -0.32747E-01  0.10000E+01 -0.47429E-16  0.43840E-16 -0.26284E-16  0.45675E-16  0.99927E+00  0.19568E-01 -0.52857E-16 -0.43005E-16 -0.19568E-01  0.99927E+00
   13.60    0.00  0.10612E+01 -0.33238E-01  0.83905E-16  0.20447E-16 -0.33238E-01  0.10000E+01 -0.16608E-16 -0.41354E-16  0.84108E-16  0.20212E-16  0.99925E+00  0.19863E-01  0.20759E-16  0.40303E-16 -0.19863E-01  0.99925E+00
   13.70    0.00  0.10607E+01 -0.33732E-01  0.39243E-16  0.63845E-16 -0.33732E-01  0.10000E+01  0.15655E-16 -0.31860E-16  0.37463E-16 -0.13737E-16  0.99923E+00  0.20161E-01  0.63575E-16  0.30006E-16 -0.20161E-01  0.99923E+00
   13.80    0.00  0.10602E+01 -0.34230E-01  0.19239E-16  0.22833E-16 -0.34230E-01  0.10000E+01  0.62347E-17  0.14079E-16  0.18555E-16 -0.58827E-17  0.99920E+00  0.20461E-01  0.23713E-16 -0.14752E-16 -0.20461E-01  0.99920E+00
   13.90    0.00  0.10597E+01 -0.34732E-01  0.13655E-16 -0.19529E-16 -0.34732E-01  0.10000E+01  0.13682E-16  0.19562E-16  0.13576E-16 -0.13605E-16  0.99918E+00  0.20763E-01 -0.18583E-16 -0.18617E-16 -0.20763E-01  0.99918E+00
   14.00    0.00  0.10591E+01 -0.35237E-01 -0.97398E-17  0.14091E-16 -0.35237E-01  0.10000E+01  0.17788E-17 -0.13830E-17 -0.10103E-16 -0.21041E-17  0.99916E+00  0.21067E-01  0.13841E-16  0.93161E-18 -0.21067E-01  0.99916E+00
   14.10    0.00  0.10586E+01 -0.35747E-01  0.14742E-16  0.20282E-16 -0.35747E-01  0.10000E+01 -0.22934E-16  0.33032E-17  0.15131E-16  0.23385E-16  0.99913E+00  0.21374E-01  0.20742E-16 -0.45319E-17 -0.21374E-01  0.99913E+00
   14.20    0.00  0.10581E+01 -0.36260E-01 -0.56323E-16 -0.46018E-17 -0.36260E-01  0.10000E+01  0.62345E-16  0.33080E-16 -0.58535E-16 -0.65129E-16  0.99911E+00  0.21683E-01 -0.46757E-17 -0.31529E-16 -0.21683E-01  0.99911E+00
   14.30    0.00  0.10576E+01 -0.36776E-01  0.68179E-16 -0.40209E-16 -0.36776E-01  0.10000E+01 -0.45417E-16  0.10371E-16  0.70757E-16  0.47749E-16  0.99908E+00  0.21994E-01 -0.38307E-16 -0.99516E-17 -0.21994E-01  0.99908E+00
   14.40    0.00  0.10570E+01 -0.37297E-01 -0.56125E-17 -0.15276E-16 -0.37297E-01  0.10000E+01 -0.32600E-16  0.48050E-16 -0.40974E-17  0.31344E-16  0.99906E+00  0.22308E-01 -0.13588E-16 -0.48225E-16 -0.22308E-01  0.99906E+00
   14.50    0.00  0.10565E+01 -0.37821E-01 -0.56046E-16  0.29319E-16 -0.37821E-01  0.10000E+01  0.64222E-17  0.17553E-16 -0.56994E-16 -0.89686E-17  0.99903E+00  0.22624E-01  0.28721E-16 -0.18477E-16 -0.22624E-01  0.99903E+00
   14.60    0.00  0.10559E+01 -0.38349E-01  0.43405E-16 -0.33671E-16 -0.38349E-01  0.10000E+01 -0.23115E-16 -0.16769E-16  0.45101E-16  0.25206E-16  0.99900E+00  0.22942E-01 -0.33313E-16  0.17500E-16 -0.22942E-01  0.99900E+00
   14.70    0.00  0.10554E+01 -0.38881E-01  0.72920E-17  0.51631E-17 -0.38881E-01  0.10000E+01 -0.10514E-16 -0.16074E-16  0.75987E-17  0.11172E-16  0.99897E+00  0.23262E-01  0.47197E-17  0.15629E-16 -0.23262E-01  0.99897E+00
   14.80    0.00  0.10548E+01 -0.39417E-01  0.41793E-16 -0.20024E-16 -0.39417E-01  0.10000E+01 -0.19880E-16 -0.19030E-16  0.43089E-16  0.22006E-16  0.99894E+00  0.23585E-01 -0.19778E-16  0.19321E-16 -0.23585E-01  0.99894E+00
   14.90    0.00  0.10543E+01 -0.39956E-01 -0.27057E-16 -0.30264E-16 -0.39956E-01  0.10000E+01 -0.43012E-16  0.21536E-16 -0.24647E-16  0.41465E-16  0.99892E+00  0.23911E-01 -0.30026E-16 -0.21341E-16 -0.23911E-01  0.99892E+00
   15.00    0.00  0.10537E+01 -0.40499E-01  0.37235E-16  0.42108E-16 -0.40499E-01  0.10000E+01  0.23441E-16 -0.59281E-16  0.35341E-16 -0.20547E-16  0.99889E+00  0.24238E-01  0.40609E-16  0.58139E-16 -0.24238E-01  0.99889E+00
   15.10    0.00  0.10532E+01 -0.41046E-01 -0.18313E-16  0.32036E-17 -0.41046E-01  0.10000E+01 -0.19064E-16 -0.66979E-17 -0.17612E-16  0.18484E-16  0.99886E+00  0.24568E-01  0.24989E-17  0.61193E-17 -0.24568E-01  0.99886E+00
   15.20    0.00  0.10526E+01 -0.41596E-01 -0.52328E-16 -0.30172E-17 -0.41596E-01  0.10000E+01  0.41865E-16  0.14799E-16 -0.54040E-16 -0.44432E-16  0.99882E+00  0.24900E-01 -0.37517E-17 -0.13583E-16 -0.24900E-01  0.99882E+00
   15.30    0.00  0.10520E+01 -0.42151E-01  0.44669E-16 -0.13755E-16 -0.42151E-01  0.10000E+01 -0.36927E-16  0.18307E-17  0.46598E-16  0.38801E-16  0.99879E+00  0.25235E-01 -0.12517E-16 -0.22328E-17 -0.25235E-01  0.99879E+00
   15.40    0.00  0.10515E+01 -0.42709E-01  0.32401E-16  0.12136E-16 -0.42709E-01  0.10000E+01 -0.74804E-16 -0.42515E-16  0.35352E-16  0.77309E-16  0.99876E+00  0.25572E-01  0.11238E-16  0.40070E-16 -0.25572E-01  0.99876E+00
   15.50    0.00  0.10509E+01 -0.43271E-01 -0.88765E-16  0.64365E-18 -0.43271E-01  0.10000E+01 -0.33235E-16  0.41130E-16 -0.87443E-16  0.28343E-16  0.99873E+00  0.25911E-01  0.15786E-18 -0.41946E-16 -0.25911E-01  0.99873E+00
   15.60    0.00  0.10503E+01 -0.43837E-01 -0.31590E-16 -0.24754E-16 -0.43837E-01  0.10000E+01 -0.48249E-16  0.68370E-16 -0.28921E-16  0.45124E-16  0.99869E+00  0.26253E-01 -0.22545E-16 -0.68559E-16 -0.26253E-01  0.99869E+00
   15.70    0.00  0.10498E+01 -0.44406E-01  0.12658E-16 -0.58652E-17 -0.44406E-01  0.10000E+01 -0.57796E-18 -0.11959E-16  0.12862E-16  0.14664E-17  0.99866E+00  0.26597E-01 -0.60623E-17  0.12197E-16 -0.26597E-01  0.99866E+00
   15.80    0.00  0.10492E+01 -0.44979E-01  0.17894E-16 -0.43865E-16 -0.44979E-01  0.10000E+01  0.31622E-16  0.42762E-17  0.17661E-16 -0.30900E-16  0.99862E+00  0.26943E-01 -0.43256E-16 -0.14727E-17 -0.26943E-01  0.99862E+00
   15.90    0.00  0.10486E+01 -0.45556E-01  0.20938E-16 -0.92086E-18 -0.45556E-01  0.10000E+01 -0.11631E-16  0.25505E-16  0.21475E-16  0.11896E-16  0.99859E+00  0.27291E-01  0.82829E-18 -0.25824E-16 -0.27291E-01  0.99859E+00
   16.00    0.00  0.10480E+01 -0.46137E-01  0.26794E-16  0.11514E-17 -0.46137E-01  0.10000E+01 -0.19370E-16  0.23447E-16  0.27645E-16  0.19970E-16  0.99855E+00  0.27643E-01  0.30017E-17 -0.24087E-16 -0.27643E-01  0.99855E+00
   16.10    0.00  0.10474E+01 -0.46722E-01  0.81326E-17 -0.91701E-17 -0.46722E-01  0.10000E+01 -0.55741E-17 -0.36200E-17  0.86609E-17  0.60718E-17  0.99852E+00  0.27996E-01 -0.91103E-17  0.38842E-17 -0.27996E-01  0.99852E+00
   16.20    0.00  0.10468E+01 -0.47310E-01  0.12734E-16  0.98095E-17 -0.47310E-01  0.10000E+01  0.10086E-16 -0.63843E-17  0.11995E-16 -0.93222E-17  0.99848E+00  0.28352E-01  0.98625E-17  0.61940E-17 -0.28352E-01  0.99848E+00
   16.30    0.00  0.10462E+01 -0.47902E-01 -0.27094E-17 -0.49083E-17 -0.47902E-01  0.10000E+01 -0.55095E-17  0.84524E-17 -0.23177E-17  0.51472E-17  0.99844E+00  0.28710E-01 -0.45771E-17 -0.83781E-17 -0.28710E-01  0.99844E+00
   16.40    0.00  0.10456E+01 -0.48498E-01 -0.27236E-16 -0.11253E-16 -0.48498E-01  0.10000E+01 -0.69614E-17 -0.31826E-16 -0.26545E-16  0.65880E-17  0.99840E+00  0.29070E-01 -0.13590E-16  0.32232E-16 -0.29070E-01  0.99840E+00
   16.50    0.00  0.10450E+01 -0.49098E-01  0.26229E-16  0.51964E-16 -0.49098E-01  0.10000E+01  0.17817E-16 -0.58580E-16  0.23925E-16 -0.14889E-16  0.99836E+00  0.29433E-01  0.49874E-16  0.56559E-16 -0.29433E-01  0.99836E+00
   16.60    0.00  0.10444E+01 -0.49702E-01  0.54564E-16  0.22285E-16 -0.49702E-01  0.10000E+01  0.42610E-16 -0.28755E-16  0.51865E-16 -0.39104E-16  0.99832E+00  0.29798E-01  0.22439E-16  0.28861E-16 -0.29798E-01  0.99832E+00
