 input file is 
mstm.inp                      
 number of processors:
   1
 input parameters for run number 
    1
 number of spheres, volume size parameter:
    1  0.11948E+01
 position file:
                                                            
 output file:
test2.dat                                                   
 length, ref. indx. scale factors:
   1.000   1.000   1.000
 chiral factors:
  0.00000E+00  0.00000E+00
 scattering matrix directions based on incident frame
 automatic scattering angle calculation
 thetamin, thetamax:
      0.0     90.0
 phimin, phimax:
      0.0      0.0
 number scattering angles:
      901
 epsmie, epssoln, max number iterations:
  0.1000E-03  0.1000E-09 2000
 medium refractive index:
  1.0000  0.0000
 target euler rotation angles:
    0.0000    0.0000    0.0000
 far field kr, iterations/correction:
  0.1000E+09   20
 gaussian incident beam: 1/width:
   1.0000
 beam focal point:
    0.000    0.000    0.000
 fixed orientation calculations
 incident azimuth and polar angles:
     0.000     0.000
 common expansion epsilon:
  0.1000E-05
 scattering coefficients calculated 
 near field calculated, stored in file 
nf_default.dat                                              
 near field data output option: 
   0
 near field plane, position: 
   3    1.991
 near field plane vertices: 
   -2.000   -2.000    2.000    2.000
 spacial step size:
   0.0050
 polarization angle, deg.:
     0.00
 plane wave epsilon:
  0.00000E+00
 calculation results for run 
    1
 sphere host   ka     x-x(host) y-y(host) z-z(host)  Re(m)     Im(m)      Qext         Qsca        Qabs         Qabs(V)
    1    0    1.1948    0.0000    0.0000    1.9914  4.400000  0.000000  0.32503E-01  0.32503E-01  0.00000E+00  0.00000E+00
 unpolarized total ext, abs, scat efficiencies, w.r.t. xv, and asym. parm
  0.46399E-01  0.00000E+00  0.46399E-01 -0.11485E+00
 parallel total ext, abs, scat efficiencies
  0.46399E-01  0.00000E+00  0.46399E-01
 perpendicular total ext, abs, scat efficiencies
  0.46399E-01  0.00000E+00  0.46399E-01
 scattering matrix elements (normalized w/ S11)
   theta     phi      11           12           13           14           21           22           23           24           31           32           33           34           41           42           43           44     
    0.00    0.00  0.92543E+00  0.00000E+00  0.00000E+00  0.45345E-16  0.00000E+00  0.10000E+01  0.26895E-15 -0.00000E+00  0.00000E+00 -0.26895E-15  0.10000E+01  0.00000E+00  0.45345E-16 -0.00000E+00  0.00000E+00  0.10000E+01
    0.10    0.00  0.92543E+00 -0.41132E-05 -0.65413E-16  0.28596E-16 -0.41132E-05  0.10000E+01  0.25348E-16  0.16117E-16 -0.65413E-16 -0.25348E-16  0.10000E+01  0.21028E-05  0.28596E-16 -0.16117E-16 -0.21028E-05  0.10000E+01
    0.20    0.00  0.92542E+00 -0.16453E-04 -0.83222E-16  0.20726E-16 -0.16453E-04  0.10000E+01  0.13451E-15  0.69255E-16 -0.83225E-16 -0.13451E-15  0.10000E+01  0.84113E-05  0.20726E-16 -0.69254E-16 -0.84113E-05  0.10000E+01
    0.30    0.00  0.92541E+00 -0.37019E-04 -0.95409E-16 -0.46077E-16 -0.37019E-04  0.10000E+01  0.14936E-16  0.31663E-16 -0.95408E-16 -0.14940E-16  0.10000E+01  0.18925E-04 -0.46077E-16 -0.31661E-16 -0.18925E-04  0.10000E+01
    0.40    0.00  0.92539E+00 -0.65812E-04 -0.41842E-16 -0.17357E-17 -0.65812E-04  0.10000E+01  0.71522E-16 -0.21051E-16 -0.41847E-16 -0.71524E-16  0.10000E+01  0.33646E-04 -0.17385E-17  0.21053E-16 -0.33646E-04  0.10000E+01
    0.50    0.00  0.92537E+00 -0.10283E-03  0.16581E-16  0.48860E-16 -0.10283E-03  0.10000E+01  0.19617E-15 -0.52163E-16  0.16559E-16 -0.19617E-15  0.10000E+01  0.52572E-04  0.48856E-16  0.52168E-16 -0.52572E-04  0.10000E+01
    0.60    0.00  0.92534E+00 -0.14808E-03  0.18773E-16 -0.19026E-16 -0.14808E-03  0.10000E+01  0.98023E-16 -0.18881E-17  0.18760E-16 -0.98020E-16  0.10000E+01  0.75704E-04 -0.19025E-16  0.18983E-17 -0.75704E-04  0.10000E+01
    0.70    0.00  0.92530E+00 -0.20155E-03 -0.76779E-16 -0.36330E-16 -0.20155E-03  0.10000E+01  0.68591E-16  0.29288E-16 -0.76789E-16 -0.68609E-16  0.10000E+01  0.10304E-03 -0.36332E-16 -0.29273E-16 -0.10304E-03  0.10000E+01
    0.80    0.00  0.92526E+00 -0.26325E-03 -0.27484E-17  0.37846E-16 -0.26325E-03  0.10000E+01  0.14683E-15  0.40937E-16 -0.27921E-17 -0.14684E-15  0.10000E+01  0.13459E-03  0.37857E-16 -0.40927E-16 -0.13459E-03  0.10000E+01
    0.90    0.00  0.92522E+00 -0.33319E-03 -0.10402E-16 -0.56566E-17 -0.33319E-03  0.10000E+01  0.40634E-16 -0.29621E-16 -0.10415E-16 -0.40632E-16  0.10000E+01  0.17034E-03 -0.56683E-17  0.29630E-16 -0.17034E-03  0.10000E+01
    1.00    0.00  0.92517E+00 -0.41134E-03 -0.16922E-16  0.75874E-18 -0.41134E-03  0.10000E+01  0.72240E-16  0.47864E-16 -0.16952E-16 -0.72257E-16  0.10000E+01  0.21030E-03  0.77487E-18 -0.47849E-16 -0.21030E-03  0.10000E+01
    1.10    0.00  0.92511E+00 -0.49773E-03 -0.40205E-16 -0.10985E-17 -0.49773E-03  0.10000E+01  0.74016E-16 -0.21309E-16 -0.40242E-16 -0.74031E-16  0.10000E+01  0.25447E-03 -0.11193E-17  0.21328E-16 -0.25447E-03  0.10000E+01
    1.20    0.00  0.92505E+00 -0.59235E-03 -0.43156E-16  0.43268E-16 -0.59235E-03  0.10000E+01  0.19821E-15 -0.20252E-16 -0.43286E-16 -0.19823E-15  0.10000E+01  0.30285E-03  0.43242E-16  0.20286E-16 -0.30285E-03  0.10000E+01
    1.30    0.00  0.92498E+00 -0.69520E-03  0.26819E-16 -0.44978E-16 -0.69520E-03  0.10000E+01  0.87308E-16 -0.23017E-16  0.26775E-16 -0.87281E-16  0.10000E+01  0.35543E-03 -0.44985E-16  0.23079E-16 -0.35543E-03  0.10000E+01
    1.40    0.00  0.92491E+00 -0.80628E-03 -0.93083E-16 -0.47399E-16 -0.80628E-03  0.10000E+01  0.18252E-16  0.36744E-16 -0.93078E-16 -0.18342E-16  0.10000E+01  0.41223E-03 -0.47408E-16 -0.36698E-16 -0.41223E-03  0.10000E+01
    1.50    0.00  0.92483E+00 -0.92560E-03 -0.34495E-16 -0.43903E-16 -0.92560E-03  0.10000E+01  0.16392E-16  0.30434E-17 -0.34489E-16 -0.16426E-16  0.10000E+01  0.47324E-03 -0.43916E-16 -0.29950E-17 -0.47324E-03  0.10000E+01
    1.60    0.00  0.92475E+00 -0.10531E-02 -0.10898E-15  0.38340E-16 -0.10531E-02  0.10000E+01  0.16665E-15  0.79370E-18 -0.10918E-15 -0.16676E-15  0.10000E+01  0.53846E-03  0.38282E-16 -0.74428E-18 -0.53846E-03  0.10000E+01
    1.70    0.00  0.92466E+00 -0.11889E-02 -0.28929E-16 -0.53121E-16 -0.11889E-02  0.10000E+01  0.20222E-16  0.17209E-16 -0.28921E-16 -0.20266E-16  0.10000E+01  0.60789E-03 -0.53118E-16 -0.17133E-16 -0.60789E-03  0.10000E+01
    1.80    0.00  0.92457E+00 -0.13329E-02  0.73202E-16  0.12113E-16 -0.13329E-02  0.10000E+01  0.10438E-15  0.12201E-16  0.73055E-16 -0.10429E-15  0.10000E+01  0.68153E-03  0.12179E-16 -0.12146E-16 -0.68153E-03  0.10000E+01
    1.90    0.00  0.92447E+00 -0.14852E-02 -0.78048E-18 -0.42042E-16 -0.14852E-02  0.10000E+01  0.50765E-16  0.25421E-17 -0.82396E-18 -0.50768E-16  0.10000E+01  0.75939E-03 -0.42039E-16 -0.24411E-17 -0.75939E-03  0.10000E+01
    2.00    0.00  0.92437E+00 -0.16457E-02 -0.33613E-17 -0.39876E-16 -0.16457E-02  0.10000E+01  0.50601E-16 -0.31907E-17 -0.34110E-17 -0.50604E-16  0.10000E+01  0.84146E-03 -0.39884E-16  0.32989E-17 -0.84146E-03  0.10000E+01
    2.10    0.00  0.92426E+00 -0.18144E-02 -0.61825E-16 -0.51100E-16 -0.18144E-02  0.10000E+01  0.12554E-15  0.19794E-16 -0.62005E-16 -0.12567E-15  0.10000E+01  0.92774E-03 -0.51122E-16 -0.19585E-16 -0.92774E-03  0.10000E+01
    2.20    0.00  0.92414E+00 -0.19914E-02 -0.52135E-16 -0.27464E-16 -0.19914E-02  0.10000E+01 -0.24953E-16  0.53733E-16 -0.52057E-16  0.24795E-16  0.10000E+01  0.10182E-02 -0.27410E-16 -0.53703E-16 -0.10182E-02  0.10000E+01
    2.30    0.00  0.92402E+00 -0.21766E-02  0.15883E-16 -0.23802E-16 -0.21766E-02  0.10000E+01  0.96045E-16 -0.55215E-17  0.15700E-16 -0.96004E-16  0.10000E+01  0.11130E-02 -0.23797E-16  0.56802E-17 -0.11130E-02  0.10000E+01
    2.40    0.00  0.92390E+00 -0.23700E-02  0.33141E-16 -0.28958E-16 -0.23700E-02  0.10000E+01  0.82299E-16 -0.69072E-17  0.32981E-16 -0.82212E-16  0.10000E+01  0.12119E-02 -0.28935E-16  0.70755E-17 -0.12119E-02  0.10000E+01
    2.50    0.00  0.92377E+00 -0.25717E-02  0.29564E-16 -0.27043E-16 -0.25717E-02  0.10000E+01  0.80569E-16 -0.17020E-16  0.29392E-16 -0.80470E-16  0.10000E+01  0.13151E-02 -0.27049E-16  0.17195E-16 -0.13151E-02  0.10000E+01
    2.60    0.00  0.92363E+00 -0.27817E-02  0.37893E-16 -0.46709E-16 -0.27817E-02  0.10000E+01  0.88637E-16  0.64395E-17  0.37713E-16 -0.88541E-16  0.10000E+01  0.14224E-02 -0.46638E-16 -0.61836E-17 -0.14224E-02  0.10000E+01
    2.70    0.00  0.92349E+00 -0.29999E-02  0.86171E-16  0.28831E-16 -0.29999E-02  0.10000E+01  0.13314E-15 -0.61571E-16  0.85728E-16 -0.13279E-15  0.99999E+00  0.15341E-02  0.28778E-16  0.61688E-16 -0.15341E-02  0.99999E+00
    2.80    0.00  0.92334E+00 -0.32263E-02  0.25653E-16  0.92110E-17 -0.32263E-02  0.10000E+01  0.13950E-15 -0.26981E-16  0.25188E-16 -0.13937E-15  0.99999E+00  0.16499E-02  0.91656E-17  0.27181E-16 -0.16499E-02  0.99999E+00
    2.90    0.00  0.92319E+00 -0.34610E-02 -0.10486E-15  0.29561E-16 -0.34610E-02  0.10000E+01  0.13370E-15  0.15544E-17 -0.10537E-15 -0.13407E-15  0.99999E+00  0.17699E-02  0.29380E-16 -0.14194E-17 -0.17699E-02  0.99999E+00
    3.00    0.00  0.92303E+00 -0.37039E-02  0.12890E-16 -0.13205E-16 -0.37039E-02  0.10000E+01  0.13185E-15 -0.65740E-17  0.12427E-16 -0.13179E-15  0.99999E+00  0.18942E-02 -0.13206E-16  0.68726E-17 -0.18942E-02  0.99999E+00
    3.10    0.00  0.92287E+00 -0.39551E-02 -0.43457E-18 -0.17416E-16 -0.39551E-02  0.10000E+01  0.11450E-15  0.10102E-18 -0.85219E-18 -0.11450E-15  0.99999E+00  0.20227E-02 -0.17417E-16  0.19947E-18 -0.20227E-02  0.99999E+00
    3.20    0.00  0.92270E+00 -0.42146E-02 -0.14010E-16  0.30480E-16 -0.42146E-02  0.10000E+01  0.43487E-16  0.72463E-17 -0.14259E-16 -0.43563E-16  0.99999E+00  0.21554E-02  0.30480E-16 -0.72809E-17 -0.21554E-02  0.99999E+00
    3.30    0.00  0.92253E+00 -0.44823E-02  0.34847E-18 -0.38701E-16 -0.44823E-02  0.10000E+01  0.49219E-16 -0.21869E-17  0.21660E-18 -0.49212E-16  0.99999E+00  0.22924E-02 -0.38710E-16  0.24732E-17 -0.22924E-02  0.99999E+00
    3.40    0.00  0.92235E+00 -0.47583E-02 -0.27180E-16  0.11037E-16 -0.47583E-02  0.10000E+01  0.87721E-16 -0.28266E-16 -0.27624E-16 -0.87782E-16  0.99999E+00  0.24336E-02  0.10835E-16  0.28427E-16 -0.24336E-02  0.99999E+00
    3.50    0.00  0.92217E+00 -0.50425E-02 -0.23125E-17 -0.39928E-16 -0.50425E-02  0.10000E+01  0.51946E-16 -0.34224E-17 -0.24715E-17 -0.51949E-16  0.99998E+00  0.25790E-02 -0.39952E-16  0.37578E-17 -0.25790E-02  0.99998E+00
    3.60    0.00  0.92198E+00 -0.53350E-02  0.30541E-16  0.29684E-16 -0.53350E-02  0.10000E+01  0.24092E-15 -0.12636E-16  0.29175E-16 -0.24072E-15  0.99998E+00  0.27287E-02  0.29697E-16  0.13134E-16 -0.27287E-02  0.99998E+00
    3.70    0.00  0.92179E+00 -0.56357E-02 -0.90623E-16 -0.94493E-17 -0.56357E-02  0.10000E+01  0.23635E-16 -0.28895E-17 -0.90730E-16 -0.24137E-16  0.99998E+00  0.28826E-02 -0.97273E-17  0.30124E-17 -0.28826E-02  0.99998E+00
    3.80    0.00  0.92159E+00 -0.59448E-02 -0.52564E-16 -0.34968E-16 -0.59448E-02  0.10000E+01 -0.23001E-16  0.54453E-16 -0.52322E-16  0.22524E-16  0.99998E+00  0.30408E-02 -0.34804E-16 -0.54314E-16 -0.30408E-02  0.99998E+00
    3.90    0.00  0.92139E+00 -0.62621E-02 -0.16186E-16 -0.19125E-16 -0.62621E-02  0.10000E+01  0.96833E-16  0.10295E-16 -0.16732E-16 -0.96968E-16  0.99998E+00  0.32031E-02 -0.19114E-16 -0.98652E-17 -0.32031E-02  0.99998E+00
    4.00    0.00  0.92118E+00 -0.65876E-02  0.49067E-16 -0.26829E-16 -0.65876E-02  0.10000E+01  0.10042E-15 -0.17472E-16  0.48497E-16 -0.10004E-15  0.99997E+00  0.33698E-02 -0.26781E-16  0.17987E-16 -0.33698E-02  0.99997E+00
    4.10    0.00  0.92096E+00 -0.69215E-02 -0.68664E-17 -0.22322E-16 -0.69215E-02  0.10000E+01  0.44072E-16 -0.17679E-16 -0.70921E-17 -0.44057E-16  0.99997E+00  0.35406E-02 -0.22470E-16  0.17990E-16 -0.35406E-02  0.99997E+00
    4.20    0.00  0.92074E+00 -0.72636E-02  0.97083E-16  0.67193E-18 -0.72636E-02  0.10000E+01  0.14545E-15 -0.36559E-16  0.96027E-16 -0.14461E-15  0.99997E+00  0.37158E-02  0.76323E-18  0.37093E-16 -0.37158E-02  0.99997E+00
    4.30    0.00  0.92052E+00 -0.76140E-02 -0.14920E-16 -0.26729E-16 -0.76140E-02  0.10000E+01  0.10024E-15  0.60451E-17 -0.15579E-16 -0.10038E-15  0.99996E+00  0.38951E-02 -0.26745E-16 -0.54508E-17 -0.38951E-02  0.99996E+00
    4.40    0.00  0.92029E+00 -0.79727E-02 -0.61685E-16 -0.19523E-16 -0.79727E-02  0.10000E+01  0.11532E-15  0.24567E-16 -0.62527E-16 -0.11591E-15  0.99996E+00  0.40788E-02 -0.19583E-16 -0.23940E-16 -0.40788E-02  0.99996E+00
    4.50    0.00  0.92005E+00 -0.83396E-02 -0.25047E-16 -0.41776E-16 -0.83396E-02  0.10000E+01  0.89407E-16  0.29269E-16 -0.25616E-16 -0.89742E-16  0.99996E+00  0.42666E-02 -0.41643E-16 -0.28539E-16 -0.42666E-02  0.99996E+00
    4.60    0.00  0.91981E+00 -0.87149E-02 -0.38024E-16 -0.75219E-17 -0.87149E-02  0.10000E+01  0.73306E-16 -0.55248E-17 -0.38631E-16 -0.73614E-16  0.99995E+00  0.44588E-02 -0.77427E-17  0.59189E-17 -0.44588E-02  0.99995E+00
    4.70    0.00  0.91957E+00 -0.90984E-02 -0.74131E-16 -0.28721E-16 -0.90984E-02  0.10000E+01 -0.24069E-16 -0.11506E-16 -0.73780E-16  0.23450E-16  0.99995E+00  0.46551E-02 -0.29170E-16  0.11659E-16 -0.46551E-02  0.99995E+00
    4.80    0.00  0.91932E+00 -0.94902E-02 -0.17067E-16 -0.20751E-16 -0.94902E-02  0.10000E+01  0.98719E-16  0.44191E-17 -0.17904E-16 -0.98905E-16  0.99994E+00  0.48558E-02 -0.20797E-16 -0.37421E-17 -0.48558E-02  0.99994E+00
    4.90    0.00  0.91906E+00 -0.98904E-02  0.19237E-16  0.50710E-17 -0.98904E-02  0.10000E+01  0.70305E-16 -0.44896E-16  0.18519E-16 -0.69891E-16  0.99994E+00  0.50607E-02  0.47210E-17  0.45202E-16 -0.50607E-02  0.99994E+00
    5.00    0.00  0.91880E+00 -0.10299E-01 -0.13738E-16 -0.21308E-16 -0.10299E-01  0.10000E+01  0.97907E-16  0.74578E-17 -0.14635E-16 -0.98091E-16  0.99993E+00  0.52699E-02 -0.21309E-16 -0.67218E-17 -0.52699E-02  0.99993E+00
    5.10    0.00  0.91854E+00 -0.10715E-01  0.25884E-16 -0.53114E-18 -0.10715E-01  0.10000E+01  0.54851E-16  0.24409E-16  0.25299E-16 -0.54709E-16  0.99993E+00  0.54833E-02 -0.13088E-18 -0.24105E-16 -0.54833E-02  0.99993E+00
    5.20    0.00  0.91827E+00 -0.11141E-01 -0.44758E-16  0.53060E-16 -0.11141E-01  0.10000E+01  0.19672E-15 -0.23306E-16 -0.47252E-16 -0.19710E-15  0.99992E+00  0.57010E-02  0.52535E-16  0.23841E-16 -0.57010E-02  0.99992E+00
    5.30    0.00  0.91799E+00 -0.11574E-01 -0.92087E-16 -0.11593E-16 -0.11574E-01  0.10000E+01  0.23783E-16 -0.44562E-17 -0.92298E-16 -0.24823E-16  0.99992E+00  0.59230E-02 -0.12192E-16  0.47378E-17 -0.59230E-02  0.99992E+00
    5.40    0.00  0.91771E+00 -0.12015E-01 -0.66069E-16 -0.13959E-16 -0.12015E-01  0.10000E+01  0.23884E-16  0.59646E-16 -0.66278E-16 -0.25045E-16  0.99991E+00  0.61492E-02 -0.13652E-16 -0.59329E-16 -0.61492E-02  0.99991E+00
    5.50    0.00  0.91742E+00 -0.12465E-01 -0.19844E-16  0.14206E-17 -0.12465E-01  0.10000E+01  0.72840E-16  0.45880E-16 -0.20766E-16 -0.73385E-16  0.99990E+00  0.63797E-02  0.18602E-17 -0.45434E-16 -0.63797E-02  0.99990E+00
    5.60    0.00  0.91713E+00 -0.12924E-01 -0.14456E-16  0.13912E-16 -0.12924E-01  0.10000E+01  0.13815E-15  0.54898E-16 -0.16339E-16 -0.13871E-15  0.99989E+00  0.66145E-02  0.14515E-16 -0.54166E-16 -0.66145E-02  0.99989E+00
    5.70    0.00  0.91684E+00 -0.13390E-01 -0.89593E-16 -0.21176E-16 -0.13390E-01  0.10000E+01 -0.96483E-17 -0.28626E-17 -0.89324E-16  0.84708E-17  0.99989E+00  0.68536E-02 -0.21829E-16  0.30884E-17 -0.68536E-02  0.99989E+00
    5.80    0.00  0.91654E+00 -0.13865E-01 -0.11486E-17  0.27537E-16 -0.13865E-01  0.10000E+01  0.27934E-16 -0.40499E-17 -0.17311E-17 -0.27926E-16  0.99988E+00  0.70970E-02  0.27472E-16  0.38667E-17 -0.70970E-02  0.99988E+00
    5.90    0.00  0.91623E+00 -0.14348E-01 -0.79339E-16 -0.28011E-16 -0.14348E-01  0.10000E+01  0.64287E-16  0.27543E-16 -0.80064E-16 -0.65630E-16  0.99987E+00  0.73446E-02 -0.28208E-16 -0.26662E-16 -0.73446E-02  0.99987E+00
    6.00    0.00  0.91592E+00 -0.14840E-01  0.60363E-16  0.35551E-16 -0.14840E-01  0.10000E+01  0.15011E-15  0.10361E-16  0.57868E-16 -0.14931E-15  0.99986E+00  0.75966E-02  0.36150E-16 -0.97560E-17 -0.75966E-02  0.99986E+00
    6.10    0.00  0.91560E+00 -0.15340E-01  0.32890E-16  0.19531E-16 -0.15340E-01  0.10000E+01  0.20866E-15 -0.13530E-16  0.29540E-16 -0.20807E-15  0.99985E+00  0.78528E-02  0.19559E-16  0.14866E-16 -0.78528E-02  0.99985E+00
    6.20    0.00  0.91528E+00 -0.15848E-01  0.47012E-16  0.16418E-16 -0.15848E-01  0.10000E+01  0.19318E-15 -0.20720E-16  0.43824E-16 -0.19229E-15  0.99984E+00  0.81133E-02  0.16448E-16  0.22024E-16 -0.81133E-02  0.99984E+00
    6.30    0.00  0.91496E+00 -0.16365E-01 -0.10497E-16  0.42263E-16 -0.16365E-01  0.10000E+01  0.16505E-15 -0.35582E-16 -0.13548E-16 -0.16495E-15  0.99983E+00  0.83781E-02  0.41574E-16  0.36278E-16 -0.83781E-02  0.99983E+00
    6.40    0.00  0.91463E+00 -0.16889E-01  0.33919E-16  0.26829E-18 -0.16889E-01  0.10000E+01  0.89354E-16  0.42033E-16  0.32405E-16 -0.89154E-16  0.99982E+00  0.86473E-02  0.12586E-17 -0.41274E-16 -0.86473E-02  0.99982E+00
    6.50    0.00  0.91429E+00 -0.17423E-01  0.50604E-16  0.16595E-16 -0.17423E-01  0.10000E+01  0.13855E-15  0.33950E-16  0.48042E-16 -0.13799E-15  0.99981E+00  0.89207E-02  0.17619E-16 -0.33014E-16 -0.89207E-02  0.99981E+00
    6.60    0.00  0.91395E+00 -0.17964E-01 -0.64445E-16 -0.61232E-16 -0.17964E-01  0.10000E+01 -0.14102E-16  0.21530E-16 -0.63640E-16  0.12758E-16  0.99980E+00  0.91984E-02 -0.61443E-16 -0.20551E-16 -0.91984E-02  0.99980E+00
    6.70    0.00  0.91361E+00 -0.18514E-01  0.14219E-16 -0.76212E-17 -0.18514E-01  0.10000E+01  0.76758E-16 -0.58686E-16  0.12882E-16 -0.75947E-16  0.99978E+00  0.94805E-02 -0.85875E-17  0.59560E-16 -0.94805E-02  0.99978E+00
    6.80    0.00  0.91325E+00 -0.19072E-01 -0.14804E-16 -0.65713E-17 -0.19072E-01  0.10000E+01  0.75200E-16  0.57504E-16 -0.16187E-16 -0.76053E-16  0.99977E+00  0.97668E-02 -0.56340E-17 -0.56649E-16 -0.97668E-02  0.99977E+00
    6.90    0.00  0.91290E+00 -0.19639E-01  0.94002E-17 -0.14022E-16 -0.19639E-01  0.10000E+01  0.59800E-16 -0.25591E-16  0.83731E-17 -0.59364E-16  0.99976E+00  0.10057E-01 -0.14444E-16  0.26469E-16 -0.10057E-01  0.99976E+00
    7.00    0.00  0.91254E+00 -0.20214E-01 -0.58415E-17 -0.40013E-18 -0.20214E-01  0.10000E+01  0.55282E-16  0.36153E-16 -0.69635E-17 -0.55783E-16  0.99974E+00  0.10352E-01  0.25864E-18 -0.35576E-16 -0.10352E-01  0.99974E+00
    7.10    0.00  0.91217E+00 -0.20797E-01  0.79091E-16 -0.90932E-17 -0.20797E-01  0.10000E+01  0.12949E-15 -0.30456E-16  0.76514E-16 -0.12754E-15  0.99973E+00  0.10652E-01 -0.89140E-17  0.32013E-16 -0.10652E-01  0.99973E+00
    7.20    0.00  0.91180E+00 -0.21389E-01  0.20223E-17 -0.12288E-16 -0.21389E-01  0.10000E+01  0.11346E-15  0.21744E-18 -0.26995E-18 -0.11344E-15  0.99971E+00  0.10955E-01 -0.12289E-16  0.12885E-17 -0.10955E-01  0.99971E+00
    7.30    0.00  0.91143E+00 -0.21989E-01 -0.62205E-16 -0.12438E-16 -0.21989E-01  0.10000E+01  0.11164E-15  0.24003E-16 -0.64537E-16 -0.11329E-15  0.99969E+00  0.11263E-01 -0.12641E-16 -0.22461E-16 -0.11263E-01  0.99969E+00
    7.40    0.00  0.91105E+00 -0.22598E-01  0.67681E-16 -0.48292E-17 -0.22598E-01  0.10000E+01  0.93087E-16  0.31699E-16  0.65638E-16 -0.91941E-16  0.99968E+00  0.11576E-01 -0.33542E-17 -0.30536E-16 -0.11576E-01  0.99968E+00
    7.50    0.00  0.91067E+00 -0.23215E-01  0.36017E-18 -0.36224E-16 -0.23215E-01  0.10000E+01  0.49395E-16  0.71788E-18 -0.35585E-18 -0.49395E-16  0.99966E+00  0.11892E-01 -0.36223E-16  0.71069E-18 -0.11892E-01  0.99966E+00
    7.60    0.00  0.91028E+00 -0.23840E-01 -0.30866E-16 -0.46968E-16 -0.23840E-01  0.10000E+01  0.19222E-16  0.11891E-16 -0.30760E-16 -0.20094E-16  0.99964E+00  0.12213E-01 -0.47077E-16 -0.10529E-16 -0.12213E-01  0.99964E+00
    7.70    0.00  0.90988E+00 -0.24473E-01  0.57967E-17 -0.20804E-16 -0.24473E-01  0.10000E+01  0.43005E-16  0.16535E-16  0.50012E-17 -0.43074E-16  0.99962E+00  0.12538E-01 -0.20344E-16 -0.15491E-16 -0.12538E-01  0.99962E+00
    7.80    0.00  0.90949E+00 -0.25115E-01  0.35395E-16  0.11767E-16 -0.25115E-01  0.10000E+01  0.85965E-16 -0.51058E-16  0.33108E-16 -0.84442E-16  0.99960E+00  0.12868E-01  0.10915E-16  0.51869E-16 -0.12868E-01  0.99960E+00
    7.90    0.00  0.90908E+00 -0.25766E-01 -0.95058E-16 -0.47104E-16 -0.25766E-01  0.10000E+01  0.17230E-16  0.36159E-16 -0.94916E-16 -0.20146E-16  0.99958E+00  0.13202E-01 -0.47445E-16 -0.34693E-16 -0.13202E-01  0.99958E+00
    8.00    0.00  0.90867E+00 -0.26425E-01 -0.43563E-16  0.32897E-16 -0.26425E-01  0.10000E+01  0.13456E-15 -0.23296E-16 -0.47568E-16 -0.13544E-15  0.99956E+00  0.13540E-01  0.31651E-16  0.24271E-16 -0.13540E-01  0.99956E+00
    8.10    0.00  0.90826E+00 -0.27092E-01 -0.14279E-15 -0.32863E-16 -0.27092E-01  0.10000E+01  0.66467E-16  0.54529E-16 -0.14419E-15 -0.71100E-16  0.99954E+00  0.13883E-01 -0.33403E-16 -0.52676E-16 -0.13883E-01  0.99954E+00
    8.20    0.00  0.90784E+00 -0.27767E-01 -0.66588E-16 -0.21768E-16 -0.27767E-01  0.10000E+01 -0.10358E-16  0.61221E-16 -0.66034E-16  0.76478E-17  0.99951E+00  0.14230E-01 -0.21018E-16 -0.60755E-16 -0.14230E-01  0.99951E+00
    8.30    0.00  0.90742E+00 -0.28451E-01 -0.95523E-16 -0.46894E-16 -0.28451E-01  0.10000E+01  0.17716E-16  0.36636E-16 -0.95387E-16 -0.20955E-16  0.99949E+00  0.14582E-01 -0.47267E-16 -0.35014E-16 -0.14582E-01  0.99949E+00
    8.40    0.00  0.90700E+00 -0.29144E-01 -0.10768E-16  0.64178E-18 -0.29144E-01  0.10000E+01  0.16371E-15  0.12820E-16 -0.15559E-16 -0.16426E-15  0.99946E+00  0.14937E-01  0.78340E-18 -0.10391E-16 -0.14937E-01  0.99946E+00
    8.50    0.00  0.90657E+00 -0.29844E-01 -0.65805E-16  0.25206E-16 -0.29844E-01  0.10000E+01  0.11473E-15  0.62200E-16 -0.69666E-16 -0.11770E-15  0.99944E+00  0.15297E-01  0.26011E-16 -0.61186E-16 -0.15297E-01  0.99944E+00
    8.60    0.00  0.90613E+00 -0.30554E-01  0.38483E-16  0.12289E-16 -0.30554E-01  0.10000E+01  0.86778E-16 -0.47747E-16  0.35674E-16 -0.84889E-16  0.99941E+00  0.15662E-01  0.11395E-16  0.48730E-16 -0.15662E-01  0.99941E+00
    8.70    0.00  0.90569E+00 -0.31271E-01  0.40354E-16 -0.36403E-17 -0.31271E-01  0.10000E+01  0.18380E-15  0.51796E-17  0.34674E-16 -0.18269E-15  0.99938E+00  0.16031E-01 -0.29243E-17 -0.21385E-17 -0.16031E-01  0.99938E+00
    8.80    0.00  0.90524E+00 -0.31997E-01 -0.33358E-16  0.11408E-16 -0.31997E-01  0.10000E+01  0.84900E-16  0.51935E-16 -0.36303E-16 -0.86858E-16  0.99935E+00  0.16404E-01  0.12483E-16 -0.50908E-16 -0.16404E-01  0.99935E+00
    8.90    0.00  0.90479E+00 -0.32732E-01  0.30551E-16  0.13020E-16 -0.32732E-01  0.10000E+01  0.17786E-15 -0.18400E-16  0.24531E-16 -0.17663E-15  0.99932E+00  0.16782E-01  0.12838E-16  0.20952E-16 -0.16782E-01  0.99932E+00
    9.00    0.00  0.90434E+00 -0.33475E-01  0.84173E-16  0.16860E-16 -0.33475E-01  0.10000E+01  0.19545E-15 -0.27273E-16  0.77389E-16 -0.19226E-15  0.99929E+00  0.17164E-01  0.17288E-16  0.30029E-16 -0.17164E-01  0.99929E+00
    9.10    0.00  0.90388E+00 -0.34226E-01 -0.98232E-16 -0.79623E-17 -0.34226E-01  0.10000E+01  0.19738E-16  0.71790E-16 -0.98853E-16 -0.24367E-16  0.99926E+00  0.17550E-01 -0.72454E-17 -0.71143E-16 -0.17550E-01  0.99926E+00
    9.20    0.00  0.90342E+00 -0.34986E-01  0.67317E-17  0.15329E-16 -0.34986E-01  0.10000E+01  0.87105E-16 -0.37987E-16  0.34345E-17 -0.86236E-16  0.99923E+00  0.17941E-01  0.14073E-16  0.39028E-16 -0.17941E-01  0.99923E+00
    9.30    0.00  0.90295E+00 -0.35754E-01  0.13167E-16 -0.44764E-17 -0.35754E-01  0.10000E+01  0.38178E-16  0.31641E-16  0.11869E-16 -0.38303E-16  0.99919E+00  0.18336E-01 -0.31301E-17 -0.30803E-16 -0.18336E-01  0.99919E+00
    9.40    0.00  0.90248E+00 -0.36531E-01 -0.34875E-16  0.15936E-16 -0.36531E-01  0.10000E+01  0.84927E-16  0.48660E-16 -0.38329E-16 -0.87168E-16  0.99916E+00  0.18736E-01  0.17010E-16 -0.47650E-16 -0.18736E-01  0.99916E+00
    9.50    0.00  0.90200E+00 -0.37316E-01 -0.68306E-16 -0.24640E-16 -0.37316E-01  0.10000E+01  0.11719E-15  0.79774E-17 -0.72250E-16 -0.11994E-15  0.99912E+00  0.19140E-01 -0.25748E-16 -0.47666E-17 -0.19140E-01  0.99912E+00
    9.60    0.00  0.90152E+00 -0.38110E-01 -0.13613E-16  0.13476E-17 -0.38110E-01  0.10000E+01  0.37816E-16 -0.35224E-16 -0.15062E-16 -0.37667E-16  0.99908E+00  0.19548E-01 -0.28941E-18  0.35942E-16 -0.19548E-01  0.99908E+00
    9.70    0.00  0.90104E+00 -0.38912E-01 -0.61983E-16 -0.12350E-16 -0.38912E-01  0.10000E+01  0.11461E-15  0.23794E-16 -0.66251E-16 -0.11755E-15  0.99904E+00  0.19961E-01 -0.12759E-16 -0.20987E-16 -0.19961E-01  0.99904E+00
    9.80    0.00  0.90055E+00 -0.39722E-01 -0.17049E-16  0.30358E-16 -0.39722E-01  0.10000E+01  0.13291E-15  0.42531E-16 -0.22995E-16 -0.13456E-15  0.99900E+00  0.20378E-01  0.31610E-16 -0.41035E-16 -0.20378E-01  0.99900E+00
    9.90    0.00  0.90005E+00 -0.40541E-01 -0.10316E-16 -0.25438E-17 -0.40541E-01  0.10000E+01  0.39146E-16 -0.31715E-16 -0.11830E-16 -0.38925E-16  0.99896E+00  0.20800E-01 -0.40799E-17  0.32662E-16 -0.20800E-01  0.99896E+00
   10.00    0.00  0.89955E+00 -0.41368E-01  0.45174E-16 -0.34188E-17 -0.41368E-01  0.10000E+01  0.16818E-15 -0.32696E-16  0.38342E-16 -0.16572E-15  0.99892E+00  0.21226E-01 -0.39618E-17  0.36394E-16 -0.21226E-01  0.99892E+00
   10.10    0.00  0.89905E+00 -0.42204E-01 -0.68410E-16 -0.22899E-16 -0.42204E-01  0.10000E+01 -0.12235E-16  0.58588E-16 -0.67495E-16  0.81037E-17  0.99887E+00  0.21656E-01 -0.21913E-16 -0.57862E-16 -0.21656E-01  0.99887E+00
   10.20    0.00  0.89855E+00 -0.43049E-01  0.97901E-16  0.36768E-17 -0.43049E-01  0.10000E+01  0.14839E-15 -0.37402E-16  0.91530E-16 -0.14345E-15  0.99883E+00  0.22091E-01  0.40935E-17  0.40460E-16 -0.22091E-01  0.99883E+00
   10.30    0.00  0.89803E+00 -0.43902E-01  0.21703E-16 -0.41264E-16 -0.43902E-01  0.10000E+01  0.71250E-16  0.71962E-17  0.19512E-16 -0.70469E-16  0.99878E+00  0.22530E-01 -0.40558E-16 -0.38016E-17 -0.22530E-01  0.99878E+00
   10.40    0.00  0.89752E+00 -0.44763E-01  0.47080E-16  0.34798E-16 -0.44763E-01  0.10000E+01  0.13335E-15  0.17724E-16  0.40322E-16 -0.13178E-15  0.99873E+00  0.22974E-01  0.36564E-16 -0.16274E-16 -0.22974E-01  0.99873E+00
   10.50    0.00  0.89700E+00 -0.45633E-01 -0.27361E-16  0.55538E-17 -0.45633E-01  0.10000E+01  0.53119E-16 -0.27276E-16 -0.29909E-16 -0.53775E-16  0.99868E+00  0.23422E-01  0.36134E-17  0.28319E-16 -0.23422E-01  0.99868E+00
   10.60    0.00  0.89647E+00 -0.46511E-01  0.19563E-16 -0.20631E-16 -0.46511E-01  0.10000E+01  0.44187E-16  0.48278E-16  0.17962E-16 -0.44443E-16  0.99863E+00  0.23875E-01 -0.17982E-16 -0.46320E-16 -0.23875E-01  0.99863E+00
   10.70    0.00  0.89595E+00 -0.47398E-01 -0.81604E-16 -0.22872E-16 -0.47398E-01  0.10000E+01  0.31146E-16  0.10245E-16 -0.82603E-16 -0.35266E-16  0.99858E+00  0.24332E-01 -0.24431E-16 -0.83148E-17 -0.24332E-01  0.99858E+00
   10.80    0.00  0.89541E+00 -0.48293E-01 -0.99809E-16 -0.46766E-16 -0.48293E-01  0.10000E+01  0.11302E-16  0.38067E-16 -0.99324E-16 -0.17025E-16  0.99853E+00  0.24794E-01 -0.47461E-16 -0.35439E-16 -0.24794E-01  0.99853E+00
   10.90    0.00  0.89488E+00 -0.49197E-01 -0.11568E-15 -0.38031E-16 -0.49197E-01  0.10000E+01  0.27167E-16  0.42441E-16 -0.11621E-15 -0.33915E-16  0.99847E+00  0.25260E-01 -0.38938E-16 -0.39774E-16 -0.25260E-01  0.99847E+00
   11.00    0.00  0.89434E+00 -0.50109E-01 -0.75654E-16  0.26967E-16 -0.50109E-01  0.10000E+01  0.97745E-16 -0.95868E-17 -0.81309E-16 -0.10142E-15  0.99841E+00  0.25730E-01  0.24434E-16  0.10862E-16 -0.25730E-01  0.99841E+00
   11.10    0.00  0.89379E+00 -0.51030E-01 -0.15809E-17 -0.88316E-17 -0.51030E-01  0.10000E+01  0.11039E-15  0.10906E-17 -0.69902E-17 -0.11059E-15  0.99835E+00  0.26205E-01 -0.89739E-17  0.22618E-17 -0.26205E-01  0.99835E+00
   11.20    0.00  0.89324E+00 -0.51959E-01  0.18997E-16  0.11115E-16 -0.51959E-01  0.10000E+01  0.16182E-15 -0.65600E-17  0.10311E-16 -0.16084E-15  0.99829E+00  0.26685E-01  0.11068E-16  0.10292E-16 -0.26685E-01  0.99829E+00
   11.30    0.00  0.89269E+00 -0.52897E-01  0.61170E-16  0.28828E-16 -0.52897E-01  0.10000E+01  0.11719E-15  0.12042E-16  0.54225E-16 -0.11444E-15  0.99823E+00  0.27168E-01  0.30993E-16 -0.10476E-16 -0.27168E-01  0.99823E+00
   11.40    0.00  0.89213E+00 -0.53843E-01  0.18992E-16  0.26108E-16 -0.53843E-01  0.10000E+01  0.10560E-15  0.27530E-16  0.12555E-16 -0.10549E-15  0.99817E+00  0.27657E-01  0.27989E-16 -0.26066E-16 -0.27657E-01  0.99817E+00
   11.50    0.00  0.89157E+00 -0.54798E-01 -0.48314E-17 -0.32086E-16 -0.54798E-01  0.10000E+01  0.45970E-16 -0.94390E-18 -0.64512E-17 -0.46210E-16  0.99810E+00  0.28150E-01 -0.32381E-16  0.40106E-17 -0.28150E-01  0.99810E+00
   11.60    0.00  0.89100E+00 -0.55762E-01  0.48386E-17 -0.25266E-16 -0.55762E-01  0.10000E+01  0.11588E-15  0.17437E-16 -0.92673E-18 -0.11620E-15  0.99803E+00  0.28647E-01 -0.24368E-16 -0.12725E-16 -0.28647E-01  0.99803E+00
   11.70    0.00  0.89044E+00 -0.56733E-01  0.16118E-16  0.50760E-16 -0.56733E-01  0.10000E+01  0.16379E-15  0.28472E-16  0.53025E-17 -0.16398E-15  0.99796E+00  0.29149E-01  0.52637E-16 -0.26626E-16 -0.29149E-01  0.99796E+00
   11.80    0.00  0.88986E+00 -0.57714E-01 -0.50936E-16  0.34959E-16 -0.57714E-01  0.10000E+01  0.12706E-15  0.57464E-16 -0.59479E-16 -0.13193E-15  0.99789E+00  0.29655E-01  0.36589E-16 -0.55687E-16 -0.29655E-01  0.99789E+00
   11.90    0.00  0.88928E+00 -0.58703E-01  0.65424E-16  0.11311E-16 -0.58703E-01  0.10000E+01  0.12028E-15  0.29205E-16  0.58043E-16 -0.11749E-15  0.99782E+00  0.30166E-01  0.14809E-16 -0.26382E-16 -0.30166E-01  0.99782E+00
   12.00    0.00  0.88870E+00 -0.59700E-01 -0.17444E-16  0.13796E-16 -0.59700E-01  0.10000E+01  0.12419E-15 -0.85081E-17 -0.25300E-16 -0.12516E-15  0.99774E+00  0.30681E-01  0.12540E-16  0.11551E-16 -0.30681E-01  0.99774E+00
   12.10    0.00  0.88812E+00 -0.60706E-01 -0.15496E-16 -0.24936E-16 -0.60706E-01  0.10000E+01  0.65949E-16  0.51704E-17 -0.18755E-16 -0.67095E-16  0.99767E+00  0.31201E-01 -0.25266E-16 -0.15669E-17 -0.31201E-01  0.99767E+00
   12.20    0.00  0.88753E+00 -0.61721E-01 -0.37325E-16 -0.39616E-17 -0.61721E-01  0.10000E+01  0.16604E-15  0.36060E-16 -0.47585E-16 -0.16972E-15  0.99759E+00  0.31725E-01 -0.32534E-17 -0.30505E-16 -0.31725E-01  0.99759E+00
   12.30    0.00  0.88694E+00 -0.62744E-01 -0.12252E-16  0.31982E-16 -0.62744E-01  0.10000E+01  0.71456E-16 -0.14616E-16 -0.17766E-16 -0.71922E-16  0.99751E+00  0.32254E-01  0.30568E-16  0.14966E-16 -0.32254E-01  0.99751E+00
   12.40    0.00  0.88634E+00 -0.63775E-01 -0.12113E-15 -0.16945E-16 -0.63775E-01  0.10000E+01  0.80235E-16  0.48673E-16 -0.12598E-15 -0.89659E-16  0.99743E+00  0.32787E-01 -0.18018E-16 -0.44768E-16 -0.32787E-01  0.99743E+00
   12.50    0.00  0.88574E+00 -0.64816E-01 -0.23147E-16 -0.53075E-16 -0.64816E-01  0.10000E+01  0.86586E-16  0.97769E-17 -0.27049E-16 -0.88434E-16  0.99734E+00  0.33325E-01 -0.53485E-16 -0.33988E-17 -0.33325E-01  0.99734E+00
   12.60    0.00  0.88514E+00 -0.65864E-01 -0.71398E-17  0.32123E-16 -0.65864E-01  0.10000E+01  0.79274E-16  0.18239E-16 -0.13514E-16 -0.80564E-16  0.99725E+00  0.33867E-01  0.32957E-16 -0.17675E-16 -0.33867E-01  0.99725E+00
   12.70    0.00  0.88453E+00 -0.66922E-01 -0.38337E-16 -0.27033E-16 -0.66922E-01  0.10000E+01 -0.31180E-16  0.52217E-16 -0.35497E-16  0.26919E-16  0.99716E+00  0.34414E-01 -0.24831E-16 -0.51480E-16 -0.34414E-01  0.99716E+00
   12.80    0.00  0.88392E+00 -0.67987E-01 -0.10117E-15  0.35708E-16 -0.67987E-01  0.10000E+01  0.11864E-15  0.33100E-18 -0.11068E-15 -0.12583E-15  0.99707E+00  0.34965E-01  0.31954E-16  0.16458E-17 -0.34965E-01  0.99707E+00
   12.90    0.00  0.88330E+00 -0.69062E-01  0.93495E-17  0.33611E-16 -0.69062E-01  0.10000E+01  0.12193E-15 -0.43794E-16 -0.16138E-18 -0.12002E-15  0.99698E+00  0.35521E-01  0.30674E-16  0.45875E-16 -0.35521E-01  0.99698E+00
   13.00    0.00  0.88268E+00 -0.70145E-01  0.29928E-17  0.90392E-17 -0.70145E-01  0.10000E+01  0.53194E-16 -0.41575E-16 -0.96178E-18 -0.51595E-16  0.99688E+00  0.36081E-01  0.61072E-17  0.42936E-16 -0.36081E-01  0.99688E+00
   13.10    0.00  0.88206E+00 -0.71236E-01 -0.65869E-16  0.29260E-16 -0.71236E-01  0.10000E+01  0.89692E-16 -0.11269E-16 -0.73442E-16 -0.94222E-16  0.99679E+00  0.36646E-01  0.25849E-16  0.12678E-16 -0.36646E-01  0.99679E+00
   13.20    0.00  0.88143E+00 -0.72336E-01  0.34204E-18 -0.17439E-16 -0.72336E-01  0.10000E+01  0.80863E-16 -0.17094E-17 -0.48609E-17 -0.80883E-16  0.99669E+00  0.37216E-01 -0.17803E-16  0.60009E-17 -0.37216E-01  0.99669E+00
   13.30    0.00  0.88080E+00 -0.73445E-01 -0.30080E-16 -0.14040E-16 -0.73445E-01  0.10000E+01  0.79068E-16  0.12057E-16 -0.35459E-16 -0.81858E-16  0.99658E+00  0.37790E-01 -0.14544E-16 -0.79596E-17 -0.37790E-01  0.99658E+00
   13.40    0.00  0.88017E+00 -0.74562E-01 -0.17285E-16  0.49262E-16 -0.74562E-01  0.10000E+01  0.66852E-16  0.55500E-17 -0.24232E-16 -0.68637E-16  0.99648E+00  0.38368E-01  0.48918E-16 -0.66129E-17 -0.38368E-01  0.99648E+00
   13.50    0.00  0.87953E+00 -0.75688E-01 -0.39851E-16 -0.42762E-16 -0.75688E-01  0.10000E+01  0.26516E-16  0.17649E-16 -0.40324E-16 -0.30159E-16  0.99637E+00  0.38952E-01 -0.43153E-16 -0.13286E-16 -0.38952E-01  0.99637E+00
   13.60    0.00  0.87889E+00 -0.76822E-01 -0.68001E-17  0.66566E-17 -0.76822E-01  0.10000E+01  0.13248E-15  0.49815E-17 -0.17294E-16 -0.13351E-15  0.99626E+00  0.39539E-01  0.63793E-17 -0.21469E-18 -0.39539E-01  0.99626E+00
   13.70    0.00  0.87824E+00 -0.77965E-01  0.72176E-17 -0.18204E-16 -0.77965E-01  0.10000E+01  0.16154E-15 -0.37864E-17 -0.46418E-17 -0.16113E-15  0.99615E+00  0.40132E-01 -0.18757E-16  0.11717E-16 -0.40132E-01  0.99615E+00
   13.80    0.00  0.87760E+00 -0.79116E-01 -0.51159E-16 -0.41944E-16 -0.79116E-01  0.10000E+01  0.58825E-16  0.37560E-18 -0.54224E-16 -0.62897E-16  0.99603E+00  0.40728E-01 -0.44298E-16  0.55265E-17 -0.40728E-01  0.99603E+00
   13.90    0.00  0.87695E+00 -0.80276E-01 -0.78439E-16  0.19474E-17 -0.80276E-01  0.10000E+01  0.30554E-16 -0.31611E-17 -0.81154E-16 -0.36814E-16  0.99592E+00  0.41330E-01 -0.16672E-17  0.45448E-17 -0.41330E-01  0.99592E+00
   14.00    0.00  0.87629E+00 -0.81445E-01 -0.43047E-16 -0.34468E-16 -0.81445E-01  0.10000E+01  0.37519E-16  0.16115E-16 -0.44816E-16 -0.41687E-16  0.99580E+00  0.41936E-01 -0.35183E-16 -0.11608E-16 -0.41936E-01  0.99580E+00
   14.10    0.00  0.87563E+00 -0.82622E-01 -0.32390E-16 -0.22057E-16 -0.82622E-01  0.10000E+01  0.10495E-15  0.38405E-16 -0.40356E-16 -0.10947E-15  0.99567E+00  0.42546E-01 -0.20691E-16 -0.32064E-16 -0.42546E-01  0.99567E+00
   14.20    0.00  0.87497E+00 -0.83808E-01 -0.97562E-17  0.33181E-16 -0.83808E-01  0.10000E+01  0.99157E-16 -0.34007E-16 -0.19431E-16 -0.98876E-16  0.99555E+00  0.43161E-01  0.29625E-16  0.35653E-16 -0.43161E-01  0.99555E+00
   14.30    0.00  0.87431E+00 -0.85002E-01 -0.41041E-16  0.13611E-17 -0.85002E-01  0.10000E+01  0.25550E-16  0.51283E-16 -0.43580E-16 -0.31382E-16  0.99542E+00  0.43781E-01  0.38298E-17 -0.50255E-16 -0.43781E-01  0.99542E+00
   14.40    0.00  0.87364E+00 -0.86205E-01 -0.64281E-16  0.80414E-16 -0.86205E-01  0.10000E+01  0.12134E-15  0.26302E-16 -0.78645E-16 -0.12872E-15  0.99529E+00  0.44405E-01  0.79564E-16 -0.27649E-16 -0.44405E-01  0.99529E+00
   14.50    0.00  0.87297E+00 -0.87416E-01 -0.57416E-16  0.38641E-16 -0.87416E-01  0.10000E+01  0.11305E-15 -0.15465E-16 -0.69180E-16 -0.11785E-15  0.99515E+00  0.45034E-01  0.34340E-16  0.17480E-16 -0.45034E-01  0.99515E+00
   14.60    0.00  0.87229E+00 -0.88636E-01  0.12259E-16 -0.33462E-16 -0.88636E-01  0.10000E+01  0.92638E-16  0.11274E-16  0.55543E-17 -0.92198E-16  0.99502E+00  0.45667E-01 -0.32370E-16 -0.41182E-17 -0.45667E-01  0.99502E+00
   14.70    0.00  0.87161E+00 -0.89865E-01  0.14334E-16 -0.19711E-16 -0.89865E-01  0.10000E+01  0.78333E-16 -0.11197E-17  0.82416E-17 -0.77139E-16  0.99488E+00  0.46305E-01 -0.19530E-16  0.64963E-17 -0.46305E-01  0.99488E+00
   14.80    0.00  0.87093E+00 -0.91102E-01 -0.10421E-15 -0.36545E-17 -0.91102E-01  0.10000E+01  0.95853E-16  0.41348E-16 -0.11329E-15 -0.10761E-15  0.99473E+00  0.46948E-01 -0.52340E-17 -0.36153E-16 -0.46948E-01  0.99473E+00
   14.90    0.00  0.87025E+00 -0.92348E-01 -0.46465E-16 -0.73837E-17 -0.92348E-01  0.10000E+01  0.13754E-15  0.14098E-17 -0.59004E-16 -0.14231E-15  0.99459E+00  0.47595E-01 -0.10117E-16  0.60785E-17 -0.47595E-01  0.99459E+00
   15.00    0.00  0.86956E+00 -0.93602E-01 -0.48870E-16  0.35238E-16 -0.93602E-01  0.10000E+01  0.10624E-15 -0.17816E-16 -0.60638E-16 -0.11047E-15  0.99444E+00  0.48247E-01  0.30816E-16  0.19959E-16 -0.48247E-01  0.99444E+00
   15.10    0.00  0.86887E+00 -0.94865E-01 -0.35345E-16  0.22128E-16 -0.94865E-01  0.10000E+01  0.16178E-15  0.19479E-16 -0.52043E-16 -0.16674E-15  0.99429E+00  0.48903E-01  0.21554E-16 -0.13500E-16 -0.48903E-01  0.99429E+00
   15.20    0.00  0.86817E+00 -0.96136E-01 -0.59842E-16 -0.82471E-18 -0.96136E-01  0.10000E+01  0.15643E-15  0.42737E-16 -0.75299E-16 -0.16487E-15  0.99413E+00  0.49564E-01 -0.45098E-18 -0.34689E-16 -0.49564E-01  0.99413E+00
   15.30    0.00  0.86748E+00 -0.97416E-01 -0.18230E-16 -0.17448E-16 -0.97416E-01  0.10000E+01  0.77188E-16  0.74476E-17 -0.24991E-16 -0.79532E-16  0.99398E+00  0.50230E-01 -0.18087E-16 -0.17636E-17 -0.50230E-01  0.99398E+00
   15.40    0.00  0.86678E+00 -0.98705E-01  0.38671E-17 -0.12020E-16 -0.98705E-01  0.10000E+01  0.12725E-15  0.19989E-16 -0.82079E-17 -0.12829E-15  0.99381E+00  0.50900E-01 -0.10530E-16 -0.12349E-16 -0.50900E-01  0.99381E+00
   15.50    0.00  0.86607E+00 -0.10000E+00 -0.42807E-16  0.57199E-16 -0.10000E+00  0.10000E+01  0.66546E-16  0.16672E-16 -0.52710E-16 -0.72254E-16  0.99365E+00  0.51575E-01  0.56506E-16 -0.18785E-16 -0.51575E-01  0.99365E+00
   15.60    0.00  0.86537E+00 -0.10131E+00 -0.42858E-16  0.42637E-16 -0.10131E+00  0.10000E+01  0.12830E-15  0.56282E-16 -0.58619E-16 -0.13634E-15  0.99348E+00  0.52254E-01  0.45573E-16 -0.53828E-16 -0.52254E-01  0.99348E+00
   15.70    0.00  0.86466E+00 -0.10262E+00  0.20437E-17  0.25553E-17 -0.10262E+00  0.10000E+01  0.66065E-16 -0.22379E-16 -0.47682E-17 -0.64927E-16  0.99331E+00  0.52939E-01  0.64368E-20  0.25726E-16 -0.52939E-01  0.99331E+00
   15.80    0.00  0.86395E+00 -0.10395E+00 -0.50582E-16  0.62021E-16 -0.10395E+00  0.10000E+01  0.73140E-16  0.19274E-16 -0.61887E-16 -0.80104E-16  0.99314E+00  0.53627E-01  0.61125E-16 -0.21573E-16 -0.53627E-01  0.99314E+00
   15.90    0.00  0.86323E+00 -0.10528E+00 -0.83088E-16 -0.53508E-17 -0.10528E+00  0.10000E+01  0.85627E-16 -0.52248E-17 -0.92154E-16 -0.94442E-16  0.99296E+00  0.54321E-01 -0.10984E-16  0.10996E-16 -0.54321E-01  0.99296E+00
   16.00    0.00  0.86251E+00 -0.10662E+00 -0.94626E-16  0.23259E-16 -0.10662E+00  0.10000E+01  0.75704E-16  0.76592E-16 -0.10488E-15 -0.90553E-16  0.99278E+00  0.55018E-01  0.25842E-16 -0.74629E-16 -0.55018E-01  0.99278E+00
   16.10    0.00  0.86179E+00 -0.10797E+00 -0.22783E-16  0.20693E-16 -0.10797E+00  0.10000E+01  0.72632E-16 -0.29705E-16 -0.31742E-16 -0.73866E-16  0.99259E+00  0.55721E-01  0.15834E-16  0.31822E-16 -0.55721E-01  0.99259E+00
   16.20    0.00  0.86107E+00 -0.10932E+00  0.38719E-17 -0.45093E-16 -0.10932E+00  0.10000E+01  0.54005E-16  0.14468E-16  0.44391E-18 -0.54363E-16  0.99240E+00  0.56428E-01 -0.43819E-16 -0.65203E-17 -0.56428E-01  0.99240E+00
   16.30    0.00  0.86034E+00 -0.11069E+00 -0.84250E-16  0.43271E-16 -0.11069E+00  0.10000E+01  0.11409E-15 -0.17406E-17 -0.99808E-16 -0.12415E-15  0.99221E+00  0.57140E-01  0.37668E-16  0.40767E-17 -0.57140E-01  0.99221E+00
   16.40    0.00  0.85961E+00 -0.11206E+00 -0.68996E-17 -0.73737E-17 -0.11206E+00  0.10000E+01  0.42367E-16 -0.18828E-16 -0.11146E-16 -0.42188E-16  0.99202E+00  0.57857E-01 -0.10210E-16  0.22273E-16 -0.57857E-01  0.99202E+00
   16.50    0.00  0.85888E+00 -0.11345E+00 -0.17907E-16 -0.13710E-16 -0.11345E+00  0.10000E+01  0.77325E-16  0.53455E-17 -0.26028E-16 -0.79958E-16  0.99182E+00  0.58578E-01 -0.14749E-16  0.90099E-18 -0.58578E-01  0.99182E+00
   16.60    0.00  0.85814E+00 -0.11484E+00 -0.92429E-17 -0.60933E-17 -0.11484E+00  0.10000E+01  0.54757E-16 -0.17439E-16 -0.15120E-16 -0.55000E-16  0.99161E+00  0.59303E-01 -0.90686E-17  0.21581E-16 -0.59303E-01  0.99161E+00
